#ber 992 turbo
#snr 33 5 6 7 8 9
-8	0.281542249302625	0.285459222368288	0.286708610377167	0	0	0
-7.90000000000000	0.277840797332094	0.282950121346951	0.283391343166575	0	0	0
-7.80000000000000	0.276214706566054	0.281258690211346	0.281545795708603	0	0	0
-7.70000000000000	0.272901616479508	0.279082187278795	0.279428950959612	0	0	0
-7.60000000000000	0.270201523496173	0.276709759581353	0.277719505821550	0	0	0
-7.50000000000000	0.266782262534869	0.274577497724745	0.274688053482768	0	0	0
-7.40000000000000	0.263793273013375	0.271688397461826	0.272655592172120	0	0	0
-7.30000000000000	0.260950687540233	0.269756010466175	0.270082350977033	0	0	0
-7.20000000000000	0.257256499892712	0.267658509454950	0.268078924827967	0	0	0
-7.10000000000000	0.253991466096846	0.263653112043685	0.264992124212421	0	0	0
-7	0.250051967849224	0.262494421777381	0.263328046514329	0	0	0
-6.90000000000000	0.246786899771513	0.259810499808747	0.260572428210563	0	0	0
-6.80000000000000	0.243103781731824	0.257464458753028	0.258651570802242	0	0	0
-6.70000000000000	0.239547163701132	0.255076979472141	0.256244374437444	0	0	0
-6.60000000000000	0.236165959016246	0.251564293000128	0.253383503672948	0	0	0
-6.50000000000000	0.231135194214058	0.249219048833355	0.251009879213728	0	0	0
-6.40000000000000	0.226789216127233	0.246725583322708	0.248146994134897	0	0	0
-6.30000000000000	0.221722469100264	0.244644906285860	0.245894428152493	0	0	0
-6.20000000000000	0.217537154701133	0.240917856687492	0.243508980938416	0	0	0
-6.10000000000000	0.212673893957496	0.238581378299120	0.240750549853372	0	0	0
-6	0.206127131530357	0.235969973224531	0.237326796187683	0	0	0
-5.90000000000000	0.200596919010898	0.232785604998087	0.235588343108504	0	0	0
-5.80000000000000	0.194613020889903	0.229724754558205	0.232050036656892	0	0	0
-5.70000000000000	0.188315163281561	0.226788218793829	0.230166788856305	0	0	0
-5.60000000000000	0.179869935918323	0.224102703047303	0.227576979472141	0	0	0
-5.50000000000000	0.172319068824445	0.221182105061839	0.224752565982405	0	0	0
-5.40000000000000	0.163096579595236	0.218000127502231	0.221721957478006	0	0	0
-5.30000000000000	0.152037851634626	0.215042075736325	0.219272360703812	0	0	0
-5.20000000000000	0.138555695847363	0.211561264822134	0.217121517595308	0	0	0
-5.10000000000000	0.124720547771623	0.209065408644651	0.213460410557185	0	0	0
-5	0.104566611455052	0.205667474180798	0.211105205278592	0	0	0
-4.90000000000000	0.0837208328807791	0.201236771643504	0.207606304985337	0	0	0
-4.80000000000000	0.0628874995474458	0.198489895448170	0.205041239002933	0	0	0
-4.70000000000000	0.0452214800333080	0.195807567257427	0.201756781524927	0	0	0
-4.60000000000000	0.0278875221751566	0.191622306515364	0.198129582111437	0	0	0
-4.50000000000000	0.0155803102711705	0.187597220451358	0.196186766862170	0	0	0
-4.40000000000000	0.00632161670468122	0.184211239321688	0.193097507331378	0	0	0
-4.30000000000000	0.00346203975236233	0.180454704832335	0.189419904692082	0	0	0
-4.20000000000000	0.00111045490749792	0.177689500191253	0.187346957478006	0	0	0
-4.10000000000000	0.000475181926794830	0.171751083768966	0.183618035190616	0	0	0
-4	0.000278886535606966	0.169354838709677	0.180881598240469	0.183939304927075	0.185598991784009	0.185550840288744
-3.90000000000000	6.67517468592737e-05	0.164021260997067	0.177546737536657	0.181413378066070	0.181901492935217	0.183335565644033
-3.80000000000000	4.52554215995076e-06	0.159812093586638	0.174729655425220	0.178529985822765	0.180048956641865	0.180773107940447
-3.70000000000000	0	0.155673052403417	0.170954912023460	0.175788001786720	0.176845265504956	0.177988594067223
-3.60000000000000	0	0.150674168047941	0.167455345241269	0.172594482530928	0.174400462906861	0.174618098635236
-3.50000000000000	0	0.144966052530919	0.165085606801149	0.169636441319842	0.171313407333802	0.171972810455673
-3.40000000000000	0	0.139822134387352	0.160987625522083	0.166535778097143	0.168118047308597	0.169600686611775
-3.30000000000000	0	0.134757108249394	0.156783191149027	0.163708220854130	0.166114036256998	0.167397748420934
-3.20000000000000	0	0.128234572230014	0.154118161082970	0.160755641762638	0.163154219480866	0.163502072524250
-3.10000000000000	0	0.122189372689022	0.150443215142629	0.157785462508011	0.160623076270570	0.161162552165576
-3	0	0.115076341960984	0.145985144702154	0.154962760482414	0.156832420445457	0.157948024757501
-2.90000000000000	0	0.108591259722045	0.142395361237003	0.151769241226622	0.154517128765662	0.155246341360253
-2.80000000000000	0	0.100466976922096	0.139721074380165	0.148796027461110	0.151633049368653	0.153173817110309
-2.70000000000000	0	0.0890411832207064	0.134318811279955	0.145711750597192	0.149301852839243	0.149218221294834
-2.60000000000000	0	0.0799351332398317	0.130853994490358	0.142561321395972	0.146246606965415	0.146935096153846
-2.50000000000000	0	0.0681634897360704	0.126565323321188	0.139416961216523	0.142980811177625	0.144430796018498
-2.40000000000000	0	0.0575377725360194	0.122142428685684	0.135702719892797	0.140152020067376	0.141587243401760
-2.30000000000000	0	0.0418861256881206	0.118535982997127	0.132876376454138	0.137359582899106	0.139098804421385
-2.20000000000000	0	0.0296149097082883	0.114106608608075	0.129265308500515	0.134448238045612	0.136077254398827
-2.10000000000000	0	0.0203092040952822	0.108816352676323	0.126508151910043	0.131801974019049	0.132761391833972
-2	0	0.0127929335802850	0.104349951124145	0.122838821347420	0.128401365696420	0.130293219884954
-1.90000000000000	0	0.00652991073725369	0.0996243594300779	0.119545770134587	0.125362024672209	0.127098959508234
-1.80000000000000	0	0.00358771286721202	0.0928863414200658	0.116156828377775	0.123042946123458	0.124021895443266
-1.70000000000000	0	0.00220986391932911	0.0881635267632335	0.112602202326620	0.119860461452704	0.122286861324160
-1.60000000000000	0	0.000581204661213150	0.0817096922302201	0.109845652638325	0.116841569520855	0.119489129821791
-1.50000000000000	0	0.000301454699799352	0.0753586080748837	0.105903822998194	0.114223328324568	0.116549529099932
-1.40000000000000	0	0.000129424551113855	0.0690408483663616	0.102680565535725	0.111045387896561	0.113331476990751
-1.30000000000000	0	2.41163759839481e-05	0.0611938668206997	0.0990974150822474	0.108380189525218	0.110729366399729
-1.20000000000000	0	0	0.0491655928789360	0.0949638043541590	0.105103033130559	0.108783731389578
-1.10000000000000	0	0	0.0426617716757013	0.0915827523256491	0.102786226703182	0.105821220110535
-1	0	0	0.0334133120056874	0.0873878444776757	0.0994356050507743	0.102933608729980
-0.900000000000000	0	0	0.0248665170769276	0.0834599735876173	0.0969170026881721	0.100522713173923
-0.800000000000001	0	8.84267119411432e-06	0.0175527266802927	0.0797487667747762	0.0939187744379277	0.0979317327677021
-0.700000000000000	0	0	0.0104629506205753	0.0751739381639510	0.0904974645650049	0.0951833556359081
-0.600000000000001	0	0	0.00652418614295447	0.0713892961876833	0.0877481977028348	0.0928300187911055
-0.500000000000000	0	0	0.00467838206108001	0.0672065263832515	0.0853868829423265	0.0901857401133161
-0.400000000000000	0	0	0.00275111822032643	0.0622147559767726	0.0814707050342131	0.0873991045753495
-0.300000000000001	0	0	0.00118024082466898	0.0571531918199297	0.0790001832844575	0.0845510776414315
-0.200000000000000	0	0	0.000599840042655292	0.0524448447301470	0.0761653836754643	0.0821621515815847
-0.100000000000001	0	1.60775839892988e-06	0.000121263959240499	0.0474318327474704	0.0737536656891496	0.0793692879309854
0	0	0	0.000161993838680056	0.0403583878736090	0.0708921370967742	0.0771387338780856
0.0999999999999996	0	0	3.14730886578394e-05	0.0357070895884718	0.0666338282013685	0.0746724012755175
0.199999999999999	0	0	3.05474095796676e-05	0.0288361436950147	0.0646467192082112	0.0724916721236796
0.300000000000000	0	0	1.85135815634349e-05	0.0223881964809384	0.0609810300586510	0.0695680181077926
0.399999999999999	0	0	3.70271631268699e-06	0.0172372922776149	0.0580942998533724	0.0675332047376363
0.500000000000000	0	0	4.62839539085873e-06	0.0127914222873900	0.0549868646138807	0.0650206061555106
0.600000000000000	0	0	0	0.00842375366568915	0.0518183345552297	0.0629911311676110
0.699999999999999	0	0	0	0.00552236070381232	0.0486918071847507	0.0604091336161490
0.800000000000000	0	0	0	0.00371578690127077	0.0457004521016618	0.0581714617202403
0.900000000000000	0	0	0	0.00261302541544477	0.0418980632942327	0.0557353799504598
1	0	0	0	0.00102272727272727	0.0392221102150538	0.0534888107507901
1.10000000000000	0	0	0	0.000535801564027371	0.0352891889893787	0.0521613330296387
1.20000000000000	0	0	0	0.000353128054740958	0.0312546206165751	0.0493542336930217
1.30000000000000	0	0	0	0.000244379276637341	0.0279924653145716	0.0469466232952766
1.40000000000000	0	0	0	0.000105173296069594	0.0238801165627541	0.0448726617885716
1.50000000000000	0	0	0	5.78145604125253e-05	0.0192079031025900	0.0425344503601629
1.60000000000000	0	0	0	3.81330079316657e-05	0.0164801991177703	0.0406411041198075
1.70000000000000	0	0	0	6.15048515026865e-06	0.0128199006875477	0.0383553867835891
1.80000000000000	0	0	0	1.29160188155642e-05	0.00936675990044112	0.0370884107280130
1.90000000000000	0	0	0	0	0.00726745976983169	0.0344112120263076
2	0	0	0	1.04558247554567e-05	0.00542075334532640	0.0321521866013723
2.10000000000000	0	0	0	3.07524257513433e-06	0.00375733137829912	0.0302988782279418
2.20000000000000	0	0	0	0	0.00207388673944651	0.0285869846472313
2.30000000000000	0	0	0	1.84514554508060e-06	0.00124448606422041	0.0261575671324248
2.40000000000000	0	0	0	0	0.000958777939328224	0.0245879693519637
2.50000000000000	0	0	0	0	0.000615312107247591	0.0223840635961129
2.60000000000000	0	0	0	0	0.000331914290642943	0.0205305545972055
2.70000000000000	0	0	0	0	0.000322673057492792	0.0180139871197746
2.80000000000000	0	0	0	0	9.85731536016166e-05	0.0160041472600771
2.90000000000000	0	0	0	0	5.85278099509599e-05	0.0143689623943419
3	0	0	0	0	6.16082210010104e-05	0.0117311037318153
3.10000000000000	0	0	0	0	3.54247270755810e-05	0.0104858475648324
3.20000000000000	0	0	0	0	3.38845215505557e-05	0.00820826864470128
3.30000000000000	0	0	0	0	8.47113038763893e-06	0.00632870450232879
3.40000000000000	0	0	0	0	3.08041105005052e-06	0.00471687942038986
3.50000000000000	0	0	0	0	3.08041105005052e-06	0.00401249209361164
3.60000000000000	0	0	0	0	6.93092486261367e-06	0.00287684721982635
3.70000000000000	0	0	0	0	6.16082210010104e-06	0.00202691047093324
3.80000000000000	0	0	0	0	3.08041105005052e-06	0.00144471278247369
3.90000000000000	0	0	0	0	0	0.000960446495313668
4	0	0	0	0	1.54020552502526e-06	0.000829272324765683
4.10000000000000	0	0	0	0	2.31030828753789e-06	0.000441140532459318
4.20000000000000	0	0	0	0	0	0.000319849347363579
4.30000000000000	0	0	0	0	0	0.000233597837962164
4.40000000000000	0	0	0	0	0	0.000167112299465241
4.50000000000000	0	0	0	0	0	0.000121291185095739
4.60000000000000	0	0	0	0	0	4.31257547007073e-05
4.70000000000000	0	0	0	0	0	3.95319418089817e-05
4.80000000000000	0	0	0	0	0	1.88675176815594e-05
4.90000000000000	0	0	0	0	0	4.13288482548445e-05
5	0	0	0	0	0	1.43752515669024e-05
5.10000000000000	0	0	0	0	0	1.07814386751768e-05
5.20000000000000	0	0	0	0	0	1.88675176815594e-05
5.30000000000000	0	0	0	0	0	6.28917256051981e-06
5.40000000000000	0	0	0	0	0	1.52737047898338e-05
5.50000000000000	0	0	0	0	0	1.79690644586280e-06
5.60000000000000	0	0	0	0	0	0
5.70000000000000	0	0	0	0	0	0
5.80000000000000	0	0	0	0	0	0
5.90000000000000	0	0	0	0	0	0
6	0	0	0	0	0	0
