#ber 6144 turbo 
#snr 33 5 6 7 8 9
-8	0.281632382645566	0.286189706627950	0.286557439923680	0	0	0
-7.90000000000000	0.279254619891827	0.283526485296829	0.284999129795792	0	0	0
-7.80000000000000	0.276372404180021	0.281443728106563	0.282268461221122	0	0	0
-7.70000000000000	0.273241874499199	0.279308397861357	0.279615949876238	0	0	0
-7.60000000000000	0.270196898370726	0.276216670123525	0.277462194461634	0	0	0
-7.50000000000000	0.267732017060630	0.274719418325959	0.275090887995050	0	0	0
-7.40000000000000	0.264585837339744	0.272623697916667	0.273616375309406	0	0	0
-7.30000000000000	0.261552859575321	0.270039696257375	0.270775319719472	0	0	0
-7.20000000000000	0.257785373263889	0.267323901871313	0.268012421359323	0	0	0
-7.10000000000000	0.254416962974092	0.264284747188422	0.266174517842409	0	0	0
-7	0.251856094751603	0.262048630487351	0.263596940748762	0	0	0
-6.90000000000000	0.247488168569712	0.260190691266741	0.261332798318894	0	0	0
-6.80000000000000	0.243382119724893	0.256538027808780	0.258965520575495	0	0	0
-6.70000000000000	0.239550468249199	0.255184355236235	0.256361353908828	0	0	0
-6.60000000000000	0.235686995025374	0.252655029296875	0.253704008096122	0	0	0
-6.50000000000000	0.231671194744925	0.249709356398810	0.251155437809406	0	0	0
-6.40000000000000	0.227376302083333	0.247204735165551	0.249389245565182	0	0	0
-6.30000000000000	0.222315600794605	0.243501209077381	0.246348365305281	0	0	0
-6.20000000000000	0.218010274772970	0.241457984561012	0.243097991439769	0	0	0
-6.10000000000000	0.212886973323985	0.238978794642857	0.240857215604373	0	0	0
-6	0.207593086438301	0.235834757486979	0.238229682343234	0	0	0
-5.90000000000000	0.200993986211271	0.232998802548363	0.235783441625413	0	0	0
-5.80000000000000	0.195206601395566	0.230256580171131	0.232551599886551	0	0	0
-5.70000000000000	0.189243936131143	0.227353777204241	0.230270536819307	0	0	0
-5.60000000000000	0.180673974192041	0.224629720052083	0.227850079929868	0	0	0
-5.50000000000000	0.172550038394765	0.221157255626860	0.224883328176568	0	0	0
-5.40000000000000	0.164716671674680	0.218460083007813	0.222425001289191	0	0	0
-5.30000000000000	0.154875926482372	0.214895339239211	0.219652433993399	0	0	0
-5.20000000000000	0.144647581964477	0.212108793712798	0.216120049504951	0	0	0
-5.10000000000000	0.130947536892361	0.209738595145089	0.213826900268152	0	0	0
-5	0.112278604099893	0.206117902483259	0.210952809148102	0	0	0
-4.90000000000000	0.0879198384081197	0.202727544875372	0.208326081631601	0	0	0
-4.80000000000000	0.0529414771968483	0.199054536365327	0.205539816676980	0	0	0
-4.70000000000000	0.0152666140825321	0.195106143043155	0.202074308993399	0	0	0
-4.60000000000000	0.00284048227163462	0.192706153506324	0.199379898927393	0	0	0
-4.50000000000000	0.000404814369658120	0.187884376162574	0.196259249948432	0	0	0
-4.40000000000000	0	0.184838431222098	0.193608350092822	0	0	0
-4.30000000000000	0	0.181329636346726	0.190502204517327	0	0	0
-4.20000000000000	0	0.177549089704241	0.187500000000000	0	0	0
-4.10000000000000	0	0.173058646065848	0.184090894441007	0	0	0
-4	0	0.168363298688616	0.181172487365924	0.185102370689655	0.185999293785311	0.185957726537217
-3.90000000000000	0	0.165079025995164	0.178084068172442	0.181960533405172	0.183211676818503	0.183620613369741
-3.80000000000000	0	0.160098121279762	0.174493670070132	0.179051050646552	0.179907502427613	0.180565300111246
-3.70000000000000	0	0.155731927780878	0.171793619791667	0.175929418103448	0.177261955993997	0.177913727497977
-3.60000000000000	0	0.152324131556920	0.168174214882426	0.173317955280172	0.174370199947034	0.175378299453884
-3.50000000000000	0	0.145337785993304	0.164914977825908	0.169674928160920	0.171193613170904	0.172483376314725
-3.40000000000000	0	0.140348161969866	0.160981332508251	0.166548805675287	0.168650136829096	0.169201304611650
-3.30000000000000	0	0.134379795619420	0.158691406250000	0.164481187140805	0.166378387623588	0.166736985487460
-3.20000000000000	0	0.129864647274926	0.154025339057343	0.160645653735632	0.163148696813206	0.163951886124595
-3.10000000000000	0	0.124101184663318	0.150678275835396	0.157652545797414	0.160701773260946	0.161110472834967
-3	0	0.117875598725818	0.147149920070132	0.154575251436782	0.157694153866525	0.158000472324346
-2.90000000000000	0	0.110613141741071	0.142986637530941	0.151966033584770	0.154238448183761	0.155502419066585
-2.80000000000000	0	0.102368309384301	0.140027943224010	0.149197422772989	0.151835993144587	0.152954101562500
-2.70000000000000	0	0.0941939581008185	0.135763346354167	0.145701441271552	0.148599564859330	0.149906332975899
-2.60000000000000	0	0.0848388671875000	0.131899414062500	0.142962015086207	0.146224932113604	0.147886188980801
-2.50000000000000	0	0.0748232886904762	0.127511393229167	0.139132655352012	0.143205517717236	0.143935259650735
-2.40000000000000	0	0.0584593273344494	0.122907714843750	0.136191181752874	0.140292523593305	0.141619115093954
-2.30000000000000	0	0.0374072846912202	0.119814453125000	0.133054395653736	0.137339882701211	0.139194463592729
-2.20000000000000	0	0.0169772193545387	0.114412434895833	0.129975978807471	0.134582693420584	0.136085260927288
-2.10000000000000	0	0.00492568243117560	0.110875651041667	0.126566428699713	0.131522936698718	0.132998397926879
-2	0	0.000631423223586310	0.104941406250000	0.123746183548851	0.128891643295940	0.130290511386846
-1.90000000000000	0	0	0.100576171875000	0.120198567708333	0.125854839966168	0.127720652062909
-1.80000000000000	0	0	0.0944921875000000	0.116552734375000	0.122982188167735	0.124625810610703
-1.70000000000000	0	0	0.0891796875000000	0.113917699353448	0.120256298967236	0.122024037479575
-1.60000000000000	0	0	0.0832080078125000	0.110491311961207	0.117229928997507	0.119061638327206
-1.50000000000000	0	0	0.0773144531250000	0.106391994432471	0.114476217503561	0.116466247957516
-1.40000000000000	0	0	0.0712752278645833	0.102894329202586	0.111652254718661	0.113853304993873
-1.30000000000000	0	0	0.0646818033854167	0.0992327810704023	0.108959056712963	0.110536662581699
-1.20000000000000	0	0	0.0547070312500000	0.0958995599856322	0.106133007256054	0.107932495915033
-1.10000000000000	0	0	0.0462386067708333	0.0922071434985632	0.102770683092949	0.105996125663807
-1	0	0	0.0319962565104167	0.0883603852370690	0.100419699296652	0.103429457720588
-0.900000000000000	0	0	0.0164664713541667	0.0844176544540230	0.0974176738336895	0.100511737898284
-0.800000000000001	0	0	0.00627522786458333	0.0805336281105324	0.0944135616987180	0.0977432151245915
-0.700000000000000	0	0	0.00161458333333333	0.0759362114800347	0.0910568019943020	0.0955339818218954
-0.600000000000001	0	0	0.000253092447916667	0.0719378436053241	0.0882836148949430	0.0930646509906046
-0.500000000000000	0	0	3.98763020833333e-05	0.0675975658275463	0.0854686943554131	0.0901660794526144
-0.400000000000000	0	0	0	0.0627859610098380	0.0824569310897436	0.0876488779105392
-0.300000000000001	0	0	0	0.0592368797019676	0.0792803207353989	0.0854029437295752
-0.200000000000000	0	0	5.69661458333333e-06	0.0538708722149884	0.0769369880698006	0.0823073044321896
-0.100000000000001	0	0	0	0.0482861554181134	0.0735788372507123	0.0803765190972222
0	0	0	3.25520833333333e-06	0.0436796965422454	0.0710198818108974	0.0772362004697712
0.0999999999999996	0	0	0	0.0379374043924825	0.0676248664529915	0.0751657922283497
0.199999999999999	0	0	0	0.0299279984338578	0.0648141192574786	0.0722177542892157
0.300000000000000	0	0	0	0.0225639432182401	0.0615957754629630	0.0701465482026144
0.399999999999999	0	0	0	0.0137566697625291	0.0588657129184473	0.0675639233558007
0.500000000000000	0	0	0	0.00619570858828671	0.0559923655626781	0.0655533535028595
0.600000000000000	0	0	0	0.00248864091637529	0.0524665854255698	0.0632148692810458
0.699999999999999	0	0	0	0.000656163497960373	0.0492858017272080	0.0605867672589869
0.800000000000000	0	0	0	0.000337471773018648	0.0465432191506410	0.0581796683517157
0.900000000000000	0	0	0	5.00801282051282e-05	0.0434737246260684	0.0563135084763072
1	0	0	0	1.59345862470862e-05	0.0396537237357550	0.0542314485354785
1.10000000000000	0	0	0	0	0.0363282641114672	0.0519576371699670
1.20000000000000	0	0	0	1.70727709790210e-06	0.0328108306623932	0.0493357441212871
1.30000000000000	0	0	0	3.41455419580420e-06	0.0298533208689459	0.0475018693275578
1.40000000000000	0	0	0	0	0.0258719506766382	0.0452296694513201
1.50000000000000	0	0	0	0	0.0215434973735755	0.0431605172235974
1.60000000000000	0	0	0	0	0.0176782852564103	0.0410381858498350
1.70000000000000	0	0	0	3.41455419580420e-06	0.0126083678329772	0.0390584712768152
1.80000000000000	0	0	0	0	0.00919874577101140	0.0368740975660066
1.90000000000000	0	0	0	0	0.00385825654380342	0.0347179249174917
2	0	0	0	0	0.00194964721331909	0.0330282784137789
2.10000000000000	0	0	0	0	0.000729639645655271	0.0308076461943069
2.20000000000000	0	0	0	0	0.000244836182336182	0.0287110986489274
2.30000000000000	0	0	0	0	0.000102246928418803	0.0268482170482673
2.40000000000000	0	0	0	0	1.59978187321937e-05	0.0248225750309406
2.50000000000000	0	0	0	0	1.53022613960114e-05	0.0233077751134488
2.60000000000000	0	0	0	0	8.41864224137931e-06	0.0205303733498350
2.70000000000000	0	0	0	0	7.01553520114943e-06	0.0189051864170792
2.80000000000000	0	0	0	0	4.20932112068966e-06	0.0172292375721947
2.90000000000000	0	0	0	0	1.05233028017241e-05	0.0152269621493399
3	0	0	0	0	0	0.0132150177908416
3.10000000000000	0	0	0	0	0	0.0109742419554455
3.20000000000000	0	0	0	0	0	0.00846998762376238
3.30000000000000	0	0	0	0	0	0.00721383173473597
3.40000000000000	0	0	0	0	0	0.00448316316006601
3.50000000000000	0	0	0	0	0	0.00325601407797030
3.60000000000000	0	0	0	0	0	0.00166789139851485
3.70000000000000	0	0	0	0	0	0.000991871648102310
3.80000000000000	0	0	0	0	0	0.000467331889438944
3.90000000000000	0	0	0	0	0	0.000172429352310231
4	0	0	0	0	0	8.46031868811881e-05
4.10000000000000	0	0	0	0	0	4.51216996699670e-05
4.20000000000000	0	0	0	0	0	3.62585086633663e-05
4.30000000000000	0	0	0	0	0	1.77263820132013e-05
4.40000000000000	0	0	0	0	0	4.02872318481848e-06
4.50000000000000	0	0	0	0	0	1.20861695544554e-05
4.60000000000000	0	0	0	0	0	3.22297854785479e-06
4.70000000000000	0	0	0	0	0	0
4.80000000000000	0	0	0	0	0	0
4.90000000000000	0	0	0	0	0	0
5	0	0	0	0	0	0
5.10000000000000	0	0	0	0	0	0
5.20000000000000	0	0	0	0	0	0
5.30000000000000	0	0	0	0	0	0
5.40000000000000	0	0	0	0	0	0
5.50000000000000	0	0	0	0	0	0
5.60000000000000	0	0	0	0	0	0
5.70000000000000	0	0	0	0	0	0
5.80000000000000	0	0	0	0	0	0
5.90000000000000	0	0	0	0	0	0
6	0	0	0	0	0	0
