#ber rs fade
#SNR BER
 -7.00	  1.15508021
 -6.90	  1.15111903
 -6.80	  1.14983165
 -6.70	  1.13992870
 -6.60	  1.14517726
 -6.50	  1.13170925
 -6.40	  1.13339275
 -6.30	  1.12150921
 -6.20	  1.12339077
 -6.10	  1.11259655
 -6.00	  1.11012082
 -5.90	  1.10091107
 -5.80	  1.11437908
 -5.70	  1.09387998
 -5.60	  1.09685086
 -5.50	  1.10091107
 -5.40	  1.09694989
 -5.30	  1.07387602
 -5.20	  1.07664884
 -5.10	  1.06981581
 -5.00	  1.05397108
 -4.90	  1.05951674
 -4.80	  1.05416914
 -4.70	  1.04654387
 -4.60	  1.04654387
 -4.50	  1.05357497
 -4.40	  1.03693801
 -4.30	  1.02564864
 -4.20	  1.03208556
 -4.10	  1.01495346
 -4.00	  1.01772628
 -3.90	  1.01871658
 -3.80	  0.99485047
 -3.70	  0.98861161
 -3.60	  0.99529610
 -3.50	  1.00247574
 -3.40	  1.00059418
 -3.30	  0.98712616
 -3.20	  0.96038820
 -3.10	  0.96187364
 -3.00	  0.96038820
 -2.90	  0.95355516
 -2.80	  0.93855219
 -2.70	  0.94186968
 -2.60	  0.92726282
 -2.50	  0.92473757
 -2.40	  0.92533175
 -2.30	  0.90616954
 -2.20	  0.90250545
 -2.10	  0.90042583
 -2.00	  0.89631610
 -1.90	  0.89106754
 -1.80	  0.87111309
 -1.70	  0.88086750
 -1.60	  0.87289562
 -1.50	  0.85942761
 -1.40	  0.85521886
 -1.30	  0.84972272
 -1.20	  0.84199842
 -1.10	  0.83615567
 -1.00	  0.82194494
 -0.90	  0.81219053
 -0.80	  0.81124975
 -0.70	  0.79822737
 -0.60	  0.79500891
 -0.50	  0.78857199
 -0.40	  0.77658942
 -0.30	  0.75856605
 -0.20	  0.75678352
 -0.10	  0.74653397
 -0.00	  0.75039612
  0.10	  0.73608635
  0.20	  0.72182610
  0.30	  0.71603288
  0.40	  0.71192315
  0.50	  0.69281046
  0.60	  0.69622698
  0.70	  0.68379877
  0.80	  0.68622500
  0.90	  0.66587443
  1.00	  0.65319865
  1.10	  0.65047534
  1.20	  0.64725688
  1.30	  0.63715587
  1.40	  0.62586651
  1.50	  0.61002179
  1.60	  0.60403050
  1.70	  0.59516736
  1.80	  0.58709645
  1.90	  0.57719350
  2.00	  0.56862745
  2.10	  0.56184393
  2.20	  0.54609824
  2.30	  0.53886908
  2.40	  0.52277679
  2.50	  0.50683304
  2.60	  0.50485245
  2.70	  0.49826698
  2.80	  0.48385819
  2.90	  0.48583878
  3.00	  0.46913580
  3.10	  0.45530468
  3.20	  0.44361920
  3.30	  0.43728131
  3.40	  0.43691820
  3.50	  0.42354922
  3.60	  0.40965208
  3.70	  0.40305011
  3.80	  0.38819568
  3.90	  0.38852578
  4.00	  0.38103255
  4.10	  0.37040338
  4.20	  0.35478973
  4.30	  0.34610814
  4.40	  0.33009012
  4.50	  0.33366343
  4.60	  0.31741434
  4.70	  0.30971480
  4.80	  0.30171816
  4.90	  0.29585066
  5.00	  0.28629432
  5.10	  0.27285106
  5.20	  0.27116756
  5.30	  0.25661022
  5.40	  0.24975243
  5.50	  0.23713607
  5.60	  0.23745296
  5.70	  0.23416518
  5.80	  0.21703308
  5.90	  0.21651812
  6.00	  0.20685284
  6.10	  0.20336700
  6.20	  0.19634251
  6.30	  0.19112696
  6.40	  0.18302304
  6.50	  0.17845118
  6.60	  0.17151911
  6.70	  0.16393628
  6.80	  0.16148884
  6.90	  0.15230739
  7.00	  0.14529044
  7.10	  0.14437088
  7.20	  0.13649980
  7.30	  0.13251386
  7.40	  0.12659685
  7.50	  0.12354482
  7.60	  0.12108008
  7.70	  0.11629366
  7.80	  0.11172729
  7.90	  0.10620915
  8.00	  0.10265399
  8.10	  0.10138641
  8.20	  0.09603162
  8.30	  0.09310575
  8.40	  0.09133222
  8.50	  0.08776490
  8.60	  0.08409256
  8.70	  0.08045005
  8.80	  0.07833996
  8.90	  0.07628319
  9.00	  0.07488046
  9.10	  0.07112441
  9.20	  0.07082732
  9.30	  0.06694395
  9.40	  0.06500668
  9.50	  0.06243811
  9.60	  0.06037888
  9.70	  0.05945848
  9.80	  0.05638080
  9.90	  0.05587465
 10.00	  0.05317364
 10.10	  0.05221982
 10.20	  0.05086156
 10.30	  0.04976728
 10.40	  0.04783125
 10.50	  0.04716956
 10.60	  0.04499815
 10.70	  0.04436522
 10.80	  0.04285915
 10.90	  0.04073282
 11.00	  0.04038820
 11.10	  0.03951658
 11.20	  0.03794664
 11.30	  0.03715441
 11.40	  0.03511108
 11.50	  0.03436324
 11.60	  0.03342246
 11.70	  0.03239543
 11.80	  0.03152852
 11.90	  0.03095910
 12.00	  0.02927196
 12.10	  0.02900999
 12.20	  0.02809962
 12.30	  0.02795933
 12.40	  0.02651385
 12.50	  0.02577814
 12.60	  0.02506189
 12.70	  0.02434918
 12.80	  0.02326272
 12.90	  0.02295909
 13.00	  0.02228384
 13.10	  0.02119653
 13.20	  0.02110593
 13.30	  0.02031115
 13.40	  0.01957872
 13.50	  0.01881561
 13.60	  0.01834387
 13.70	  0.01782531
 13.80	  0.01769747
 13.90	  0.01671078
 14.00	  0.01583752
 14.10	  0.01556744
 14.20	  0.01517132
 14.30	  0.01481121
 14.40	  0.01426925
 14.50	  0.01330056
 14.60	  0.01340860
 14.70	  0.01275140
 14.80	  0.01263797
 14.90	  0.01199157
 15.00	  0.01150543
 15.10	  0.01120654
 15.20	  0.01093646
 15.30	  0.01065017
 15.40	  0.01038730
 15.50	  0.00990115
 15.60	  0.00936279
 15.70	  0.00922595
 15.80	  0.00902789
 15.90	  0.00855615
 16.00	  0.00833108
 16.10	  0.00764688
 16.20	  0.00764148
 16.30	  0.00737140
 16.40	  0.00730838
 16.50	  0.00694827
 16.60	  0.00652875
 16.70	  0.00630548
 16.80	  0.00612362
 16.90	  0.00615063
 17.00	  0.00604980
 17.10	  0.00548263
 17.20	  0.00538901
 17.30	  0.00513693
 17.40	  0.00502710
 17.50	  0.00454095
 17.60	  0.00444733
 17.70	  0.00433569
 17.80	  0.00408542
 17.90	  0.00393057
 18.00	  0.00373071
 18.10	  0.00379733
 18.20	  0.00351285
 18.30	  0.00332379
 18.40	  0.00314554
 18.50	  0.00307712
 18.60	  0.00312753
 18.70	  0.00291507
 18.80	  0.00258737
 18.90	  0.00258017
 19.00	  0.00259097
 19.10	  0.00232269
 19.20	  0.00228308
 19.30	  0.00213724
 19.40	  0.00206882
 19.50	  0.00199139
 19.60	  0.00170151
 19.70	  0.00162048
 19.80	  0.00175372
 19.90	  0.00170691
 20.00	  0.00143143
 20.10	  0.00139362
 20.20	  0.00126578
 20.30	  0.00120096
 20.40	  0.00126578
 20.50	  0.00112534
 20.60	  0.00100830
 20.70	  0.00109653
 20.80	  0.00094348
 20.90	  0.00083725
 21.00	  0.00082825
 21.10	  0.00090387
 21.20	  0.00073822
 21.30	  0.00064639
 21.40	  0.00071301
 21.50	  0.00062479
 21.60	  0.00057077
 21.70	  0.00050595
 21.80	  0.00042853
 21.90	  0.00043573
 22.00	  0.00040332
 22.10	  0.00038892
 22.20	  0.00039792
 22.30	  0.00034930
 22.40	  0.00036551
 22.50	  0.00029709
 22.60	  0.00025388
 22.70	  0.00023407
 22.80	  0.00021786
 22.90	  0.00019266
 23.00	  0.00014764
 23.10	  0.00019266
 23.20	  0.00013324
 23.30	  0.00014224
 23.40	  0.00014224
 23.50	  0.00008823
 23.60	  0.00013144
 23.70	  0.00007922
 23.80	  0.00009903
 23.90	  0.00007382
 24.00	  0.00007562
 24.10	  0.00008463
 24.20	  0.00005042
 24.30	  0.00005762
 24.40	  0.00003961
 24.50	  0.00003781
 24.60	  0.00002701
 24.70	  0.00003961
 24.80	  0.00001260
 24.90	  0.00003241
 25.00	  0.00001801
 25.10	  0.00002567
 25.20	  0.00000917
 25.30	  0.00000734
 25.40	  0.00001284
 25.50	  0.00000734
 25.60	  0.00000550
 25.70	  0.00001100
 25.80	  0.00000917
 25.90	  0.00000550
 26.00	  0.00000550
 26.10	  0.00000000
 26.20	  0.00000183
 26.30	  0.00000000
 26.40	  0.00000000
 26.50	  0.00000183
 26.60	  0.00000000
 26.70	  0.00000917
 26.80	  0.00000183
 26.90	  0.00000000
 27.00	  0.00000000
 27.10	  0.00000183
 27.20	  0.00000000
 27.30	  0.00000000
 27.40	  0.00000000
 27.50	  0.00000000
 27.60	  0.00000000
 27.70	  0.00000000
 27.80	  0.00000000
 27.90	  0.00000000
 28.00	  0.00000000
 28.10	  0.00000000
 28.20	  0.00000000
 28.30	  0.00000000
 28.40	  0.00000367
 28.50	  0.00000000
 28.60	  0.00000000
 28.70	  0.00000000
 28.80	  0.00000000
 28.90	  0.00000000
 29.00	  0.00000000
 29.10	  0.00000000
 29.20	  0.00000000
 29.30	  0.00000000
 29.40	  0.00000000
 29.50	  0.00000000
 29.60	  0.00000000
 29.70	  0.00000000
 29.80	  0.00000000
 29.90	  0.00000000
