#ber uncoded fading 
#snr ber
-10	0.409510000000000
-9.90000000000000	0.409031000000000
-9.80000000000000	0.407267000000000
-9.70000000000000	0.407228000000000
-9.60000000000000	0.405848000000000
-9.50000000000000	0.404178000000000
-9.40000000000000	0.403526000000000
-9.30000000000000	0.402458000000000
-9.20000000000000	0.400874000000000
-9.10000000000000	0.399997000000000
-9.00000000000000	0.399530000000000
-8.90000000000000	0.397574000000000
-8.80000000000000	0.397348000000000
-8.70000000000001	0.396190000000000
-8.60000000000001	0.394481000000000
-8.50000000000001	0.392624000000000
-8.40000000000001	0.391303000000000
-8.30000000000001	0.390915000000000
-8.20000000000001	0.389767000000000
-8.10000000000001	0.388095000000000
-8.00000000000001	0.386331000000000
-7.90000000000001	0.386018000000000
-7.80000000000001	0.384831000000000
-7.70000000000001	0.383033000000000
-7.60000000000001	0.381976000000000
-7.50000000000001	0.380470000000000
-7.40000000000001	0.379352000000000
-7.30000000000001	0.377786000000000
-7.20000000000001	0.376126000000000
-7.10000000000001	0.376217000000000
-7.00000000000001	0.372382000000000
-6.90000000000001	0.372675000000000
-6.80000000000001	0.371749000000000
-6.70000000000001	0.369647000000000
-6.60000000000001	0.368173000000000
-6.50000000000001	0.366274000000000
-6.40000000000001	0.365110000000000
-6.30000000000001	0.363652000000000
-6.20000000000001	0.361954000000000
-6.10000000000001	0.361225000000000
-6.00000000000001	0.358922000000000
-5.90000000000002	0.357769000000000
-5.80000000000002	0.356980000000000
-5.70000000000002	0.354626000000000
-5.60000000000002	0.353223000000000
-5.50000000000002	0.351589000000000
-5.40000000000002	0.350130000000000
-5.30000000000002	0.347732000000000
-5.20000000000002	0.347290000000000
-5.10000000000002	0.344549000000000
-5.00000000000002	0.342940000000000
-4.90000000000002	0.341691000000000
-4.80000000000002	0.341008000000000
-4.70000000000002	0.337877000000000
-4.60000000000002	0.336741000000000
-4.50000000000002	0.335203000000000
-4.40000000000002	0.332574000000000
-4.30000000000002	0.330685000000000
-4.20000000000002	0.330214000000000
-4.10000000000002	0.327080000000000
-4.00000000000002	0.325593000000000
-3.90000000000002	0.324527000000000
-3.80000000000002	0.322490000000000
-3.70000000000002	0.320467000000000
-3.60000000000002	0.317926000000000
-3.50000000000002	0.316573000000000
-3.40000000000002	0.314443000000000
-3.30000000000002	0.312766000000000
-3.20000000000002	0.310974000000000
-3.10000000000002	0.308196000000000
-3.00000000000002	0.307291000000000
-2.90000000000002	0.305470000000000
-2.80000000000002	0.302546000000000
-2.70000000000002	0.300939000000000
-2.60000000000002	0.299335000000000
-2.50000000000002	0.296376000000000
-2.40000000000002	0.294135000000000
-2.30000000000002	0.292477000000000
-2.20000000000002	0.290542000000000
-2.10000000000002	0.288346000000000
-2.00000000000002	0.286059000000000
-1.90000000000002	0.283607000000000
-1.80000000000002	0.282125000000000
-1.70000000000002	0.279761000000000
-1.60000000000002	0.278259000000000
-1.50000000000002	0.275441000000000
-1.40000000000002	0.273077000000000
-1.30000000000002	0.270255000000000
-1.20000000000002	0.268489000000000
-1.10000000000002	0.266670000000000
-1.00000000000002	0.263709000000000
-0.900000000000019	0.262344000000000
-0.800000000000019	0.258786000000000
-0.700000000000019	0.257873000000000
-0.600000000000019	0.254642000000000
-0.500000000000019	0.252420000000000
-0.400000000000019	0.250841000000000
-0.300000000000019	0.247811000000000
-0.200000000000019	0.245990000000000
-0.100000000000019	0.243784000000000
-1.87905246917808e-14	0.240462000000000
0.0999999999999812	0.239622000000000
0.199999999999981	0.236210000000000
0.299999999999981	0.234187000000000
0.399999999999981	0.231186000000000
0.499999999999981	0.228983000000000
0.599999999999981	0.226259000000000
0.699999999999981	0.224064000000000
0.799999999999981	0.221876000000000
0.899999999999981	0.219189000000000
0.999999999999981	0.217737000000000
1.09999999999998	0.214972000000000
1.19999999999998	0.212612000000000
1.29999999999998	0.209635000000000
1.39999999999998	0.207692000000000
1.49999999999998	0.204924000000000
1.59999999999998	0.201421000000000
1.69999999999998	0.200147000000000
1.79999999999998	0.198035000000000
1.89999999999998	0.195283000000000
1.99999999999998	0.192084000000000
2.09999999999998	0.189347000000000
2.19999999999998	0.187895000000000
2.29999999999998	0.185438000000000
2.39999999999998	0.182133000000000
2.49999999999998	0.179682000000000
2.59999999999998	0.177444000000000
2.69999999999998	0.175128000000000
2.79999999999998	0.172084000000000
2.89999999999998	0.170437000000000
2.99999999999998	0.167851000000000
3.09999999999998	0.165314000000000
3.19999999999998	0.162766000000000
3.29999999999998	0.159607000000000
3.39999999999998	0.157461000000000
3.49999999999998	0.155722000000000
3.59999999999998	0.152834000000000
3.69999999999998	0.150735000000000
3.79999999999998	0.147952000000000
3.89999999999998	0.145730000000000
3.99999999999998	0.142891000000000
4.09999999999998	0.141014000000000
4.19999999999998	0.138389000000000
4.29999999999998	0.136267000000000
4.39999999999998	0.133595000000000
4.49999999999998	0.131545000000000
4.59999999999998	0.128871000000000
4.69999999999998	0.127133000000000
4.79999999999998	0.124276000000000
4.89999999999998	0.122173000000000
4.99999999999998	0.120320000000000
5.09999999999998	0.117917000000000
5.19999999999998	0.115571000000000
5.29999999999998	0.113188000000000
5.39999999999998	0.111333000000000
5.49999999999998	0.109144000000000
5.59999999999998	0.107495000000000
5.69999999999998	0.104808000000000
5.79999999999998	0.102746000000000
5.89999999999998	0.100661000000000
5.99999999999998	0.0989920000000000
6.09999999999998	0.0963030000000000
6.19999999999998	0.0946370000000000
6.29999999999998	0.0924000000000000
6.39999999999998	0.0907580000000000
6.49999999999998	0.0882840000000000
6.59999999999998	0.0867150000000000
6.69999999999997	0.0845830000000000
6.79999999999997	0.0825940000000000
6.89999999999997	0.0807980000000000
6.99999999999997	0.0793220000000000
7.09999999999997	0.0775400000000000
7.19999999999997	0.0757140000000000
7.29999999999997	0.0737070000000000
7.39999999999997	0.0716450000000000
7.49999999999997	0.0701280000000000
7.59999999999997	0.0691590000000000
7.69999999999997	0.0670110000000000
7.79999999999997	0.0653410000000000
7.89999999999997	0.0640460000000000
7.99999999999997	0.0618920000000000
8.09999999999997	0.0606150000000000
8.19999999999997	0.0593090000000000
8.29999999999997	0.0578280000000000
8.39999999999997	0.0563140000000000
8.49999999999997	0.0547300000000000
8.59999999999997	0.0532140000000000
8.69999999999997	0.0520910000000000
8.79999999999997	0.0508450000000000
8.89999999999997	0.0495620000000000
8.99999999999997	0.0483810000000000
9.09999999999997	0.0466470000000000
9.19999999999997	0.0460590000000000
9.29999999999997	0.0445840000000000
9.39999999999997	0.0434470000000000
9.49999999999996	0.0422930000000000
9.59999999999996	0.0412360000000000
9.69999999999996	0.0398210000000000
9.79999999999996	0.0387380000000000
9.89999999999996	0.0380310000000000
9.99999999999996	0.0371080000000000
10.1000000000000	0.0361030000000000
10.2000000000000	0.0349610000000000
10.3000000000000	0.0338640000000000
10.4000000000000	0.0331920000000000
10.5000000000000	0.0321370000000000
10.6000000000000	0.0312320000000000
10.7000000000000	0.0304240000000000
10.8000000000000	0.0296780000000000
10.9000000000000	0.0289030000000000
11.0000000000000	0.0283310000000000
11.1000000000000	0.0276560000000000
11.2000000000000	0.0266720000000000
11.3000000000000	0.0260400000000000
11.4000000000000	0.0252180000000000
11.5000000000000	0.0244930000000000
11.6000000000000	0.0241610000000000
11.7000000000000	0.0232960000000000
11.8000000000000	0.0230230000000000
11.9000000000000	0.0223200000000000
12.0000000000000	0.0215960000000000
12.1000000000000	0.0211520000000000
12.2000000000000	0.0204460000000000
12.3000000000000	0.0199190000000000
12.4000000000000	0.0195110000000000
12.5000000000000	0.0189860000000000
12.6000000000000	0.0184860000000000
12.7000000000000	0.0180980000000000
12.8000000000000	0.0176420000000000
12.9000000000000	0.0171930000000000
13.0000000000000	0.0166840000000000
13.1000000000000	0.0162430000000000
13.2000000000000	0.0160570000000000
13.3000000000000	0.0153290000000000
13.4000000000000	0.0152010000000000
13.5000000000000	0.0145760000000000
13.6000000000000	0.0144600000000000
13.7000000000000	0.0140380000000000
13.8000000000000	0.0137080000000000
13.8999999999999	0.0133400000000000
13.9999999999999	0.0128330000000000
15	0.0101620000000000
15.2500000000000	0.00974100000000000
15.5000000000000	0.00928550000000000
15.7500000000000	0.00880200000000000
16	0.00830350000000000
16.2500000000000	0.00780150000000000
16.5000000000000	0.00738200000000000
16.7500000000000	0.00704900000000000
17	0.00672300000000000
17.2500000000000	0.00631200000000000
17.5000000000000	0.00589750000000000
17.7500000000000	0.00559350000000000
18	0.00529700000000000
18.2500000000000	0.00501250000000000
18.5000000000000	0.00471000000000000
18.7500000000000	0.00446733668341709
19	0.00410850000000000
19.2500000000000	0.00394750000000000
19.5000000000000	0.00373700000000000
19.7500000000000	0.00352050000000000
20	0.00332100000000000
20.2500000000000	0.00310800000000000
20.5000000000000	0.00285150000000000
20.7500000000000	0.00267000000000000
21	0.00253700000000000
21.2500000000000	0.00236150000000000
21.5000000000000	0.00217900000000000
21.7500000000000	0.00198750000000000
22	0.00186700000000000
22.2500000000000	0.00169200000000000
22.5000000000000	0.00154600000000000
22.7500000000000	0.00142650000000000
23	0.00128550000000000
23.2500000000000	0.00119450000000000
23.5000000000000	0.00106900000000000
23.7500000000000	0.000985500000000000
24	0.000848500000000000
24.2500000000000	0.000786500000000000
24.5000000000000	0.000697500000000000
24.7500000000000	0.000616500000000000
25	0.000553500000000000
25.2500000000000	0.000494500000000000
25.5000000000000	0.000421000000000000
25.7500000000000	0.000376000000000000
26	0.000317000000000000
26.2500000000000	0.000275500000000000
26.5000000000000	0.000231000000000000
26.7500000000000	0.000171500000000000
27	0.000168500000000000
27.2500000000000	0.000150000000000000
27.5000000000000	0.000124000000000000
27.7500000000000	8.90000000000000e-05
28	6.75000000000000e-05
28.2500000000000	5.65000000000000e-05
28.5000000000000	4.60000000000000e-05
28.7500000000000	4.00000000000000e-05
29	3.35000000000000e-05
29.2500000000000	1.80000000000000e-05
29.5000000000000	1.70000000000000e-05
29.7500000000000	1.00000000000000e-05
30	1.00000000000000e-05

