#ber 992_ff
#SNR 0.33 .5 .6 .7 .8 .9
 -8.00	  0.38659811	  0.38653460	  0.38818657	  0.00000000	  0.00000000	  0.00000000
 -7.90	  0.38602488	  0.38559045	  0.38583442	  0.00000000	  0.00000000	  0.00000000
 -7.80	  0.38491063	  0.38369754	  0.38495763	  0.00000000	  0.00000000	  0.00000000
 -7.70	  0.38340454	  0.38308608	  0.38243871	  0.00000000	  0.00000000	  0.00000000
 -7.60	  0.38218349	  0.38174148	  0.38083786	  0.00000000	  0.00000000	  0.00000000
 -7.50	  0.38097318	  0.37928870	  0.38027479	  0.00000000	  0.00000000	  0.00000000
 -7.40	  0.38000746	  0.37864336	  0.37851213	  0.00000000	  0.00000000	  0.00000000
 -7.30	  0.37838381	  0.37711547	  0.37770881	  0.00000000	  0.00000000	  0.00000000
 -7.20	  0.37758873	  0.37636539	  0.37619548	  0.00000000	  0.00000000	  0.00000000
 -7.10	  0.37572745	  0.37491837	  0.37489515	  0.00000000	  0.00000000	  0.00000000
 -7.00	  0.37471749	  0.37396267	  0.37307386	  0.00000000	  0.00000000	  0.00000000
 -6.90	  0.37335992	  0.37199968	  0.37171409	  0.00000000	  0.00000000	  0.00000000
 -6.80	  0.37311154	  0.37104706	  0.37020158	  0.00000000	  0.00000000	  0.00000000
 -6.70	  0.37174512	  0.36977716	  0.36896317	  0.00000000	  0.00000000	  0.00000000
 -6.60	  0.37002604	  0.36763628	  0.36706676	  0.00000000	  0.00000000	  0.00000000
 -6.50	  0.36868427	  0.36660742	  0.36587623	  0.00000000	  0.00000000	  0.00000000
 -6.40	  0.36753653	  0.36490549	  0.36447848	  0.00000000	  0.00000000	  0.00000000
 -6.30	  0.36598367	  0.36401602	  0.36320044	  0.00000000	  0.00000000	  0.00000000
 -6.20	  0.36515636	  0.36211926	  0.36153767	  0.00000000	  0.00000000	  0.00000000
 -6.10	  0.36405602	  0.35991369	  0.36083096	  0.00000000	  0.00000000	  0.00000000
 -6.00	  0.36280842	  0.35928143	  0.35865879	  0.00000000	  0.00000000	  0.00000000
 -5.90	  0.36120247	  0.35686562	  0.35676650	  0.00000000	  0.00000000	  0.00000000
 -5.80	  0.35929695	  0.35595921	  0.35548598	  0.00000000	  0.00000000	  0.00000000
 -5.70	  0.35857202	  0.35468546	  0.35382652	  0.00000000	  0.00000000	  0.00000000
 -5.60	  0.35689276	  0.35298276	  0.35213072	  0.00000000	  0.00000000	  0.00000000
 -5.50	  0.35539046	  0.35098435	  0.35101038	  0.00000000	  0.00000000	  0.00000000
 -5.40	  0.35451133	  0.34993161	  0.35016248	  0.00000000	  0.00000000	  0.00000000
 -5.30	  0.35274611	  0.34832287	  0.34744954	  0.00000000	  0.00000000	  0.00000000
 -5.20	  0.35143215	  0.34657859	  0.34575787	  0.00000000	  0.00000000	  0.00000000
 -5.10	  0.35071039	  0.34483199	  0.34454176	  0.00000000	  0.00000000	  0.00000000
 -5.00	  0.34897866	  0.34294447	  0.34239931	  0.00000000	  0.00000000	  0.00000000
 -4.90	  0.34764574	  0.34109084	  0.34122447	  0.00000000	  0.00000000	  0.00000000
 -4.80	  0.34607139	  0.33936195	  0.33945685	  0.00000000	  0.00000000	  0.00000000
 -4.70	  0.34597280	  0.33787489	  0.33779408	  0.00000000	  0.00000000	  0.00000000
 -4.60	  0.34376138	  0.33624535	  0.33630056	  0.00000000	  0.00000000	  0.00000000
 -4.50	  0.34292332	  0.33494619	  0.33468815	  0.00000000	  0.00000000	  0.00000000
 -4.40	  0.34124090	  0.33408136	  0.33251103	  0.00000000	  0.00000000	  0.00000000
 -4.30	  0.33942069	  0.33160163	  0.33102411	  0.00000000	  0.00000000	  0.00000000
 -4.20	  0.33854346	  0.33016000	  0.32870169	  0.00000000	  0.00000000	  0.00000000
 -4.10	  0.33802141	  0.32830174	  0.32740136	  0.00000000	  0.00000000	  0.00000000
 -4.00	  0.33587762	  0.32691478	  0.32557924	  0.32522401	  0.32563644	  0.32476590
 -3.90	  0.33444421	  0.32531682	  0.32264257	  0.32387586	  0.32334617	  0.32257898
 -3.80	  0.33327940	  0.32250055	  0.32160148	  0.32132006	  0.32102036	  0.32036457
 -3.70	  0.33150344	  0.32130458	  0.32027721	  0.31867940	  0.31914248	  0.31971558
 -3.60	  0.33076524	  0.31901430	  0.31773764	  0.31779760	  0.31724012	  0.31708045
 -3.50	  0.32883191	  0.31740170	  0.31589406	  0.31633200	  0.31554157	  0.31597907
 -3.40	  0.32810193	  0.31638440	  0.31386390	  0.31368185	  0.31296137	  0.31306568
 -3.30	  0.32612246	  0.31383459	  0.31256935	  0.31224272	  0.31196516	  0.31191266
 -3.20	  0.32533244	  0.31275721	  0.31019986	  0.31018383	  0.30943315	  0.31033391
 -3.10	  0.32438758	  0.31072491	  0.30873937	  0.30735106	  0.30825681	  0.30755549
 -3.00	  0.32310269	  0.30919934	  0.30710219	  0.30605585	  0.30635997	  0.30580595
 -2.90	  0.32099808	  0.30748663	  0.30436861	  0.30392908	  0.30385166	  0.30328746
 -2.80	  0.32023713	  0.30484133	  0.30306250	  0.30192449	  0.30201170	  0.30165456
 -2.70	  0.31816855	  0.30332192	  0.30053367	  0.30051252	  0.29992368	  0.29985754
 -2.60	  0.31609048	  0.30093691	  0.29870578	  0.29766550	  0.29767055	  0.29800220
 -2.50	  0.31532384	  0.29861813	  0.29666241	  0.29623792	  0.29460132	  0.29580029
 -2.40	  0.31368945	  0.29859579	  0.29493276	  0.29499362	  0.29287276	  0.29402909
 -2.30	  0.31263146	  0.29585192	  0.29234614	  0.29151664	  0.29183152	  0.29130399
 -2.20	  0.31023865	  0.29432480	  0.29052073	  0.28926225	  0.28962973	  0.28902293
 -2.10	  0.30853979	  0.29251506	  0.28866229	  0.28830102	  0.28786562	  0.28700763
 -2.00	  0.30731368	  0.29040498	  0.28653057	  0.28637246	  0.28501049	  0.28551220
 -1.90	  0.30486589	  0.28771270	  0.28440216	  0.28415608	  0.28385153	  0.28320781
 -1.80	  0.30411000	  0.28631497	  0.28241080	  0.28140206	  0.28024905	  0.28091092
 -1.70	  0.30123433	  0.28390531	  0.28084793	  0.28000570	  0.27885229	  0.27815832
 -1.60	  0.29887817	  0.28279483	  0.27841817	  0.27713221	  0.27746660	  0.27640629
 -1.50	  0.29757116	  0.28060927	  0.27664642	  0.27460017	  0.27422436	  0.27491252
 -1.40	  0.29691324	  0.27846223	  0.27420511	  0.27287729	  0.27237966	  0.27255648
 -1.30	  0.29216364	  0.27640066	  0.27244409	  0.27095756	  0.27039198	  0.27021711
 -1.20	  0.29021008	  0.27446770	  0.26990948	  0.26831351	  0.26780624	  0.26740702
 -1.10	  0.28727816	  0.27254630	  0.26874373	  0.26672572	  0.26612350	  0.26547837
 -1.00	  0.28509581	  0.27050168	  0.26614059	  0.26404706	  0.26371631	  0.26313483
 -0.90	  0.28290651	  0.26838312	  0.26465120	  0.26174582	  0.26117324	  0.26093792
 -0.80	  0.27987789	  0.26626072	  0.26177149	  0.25951382	  0.25816485	  0.25878349
 -0.70	  0.27664134	  0.26456187	  0.25986186	  0.25794844	  0.25646473	  0.25659074
 -0.60	  0.27377642	  0.26227236	  0.25745687	  0.25543133	  0.25503874	  0.25399060
 -0.50	  0.26987752	  0.26058275	  0.25497345	  0.25262640	  0.25294052	  0.25149044
 -0.40	  0.26663275	  0.25825858	  0.25271789	  0.25108477	  0.24939596	  0.24910857
 -0.30	  0.26356937	  0.25691200	  0.25071663	  0.24798455	  0.24724755	  0.24625267
 -0.20	  0.26013121	  0.25495645	  0.24870050	  0.24619651	  0.24455964	  0.24456478
 -0.10	  0.25711080	  0.25187168	  0.24665960	  0.24341805	  0.24302244	  0.24246951
  0.00	  0.25182336	  0.24994331	  0.24429176	  0.24027387	  0.23989706	  0.23965159
  0.10	  0.24731836	  0.24698513	  0.24171587	  0.23953590	  0.23755647	  0.23690662
  0.20	  0.24284306	  0.24523771	  0.23988055	  0.23766689	  0.23557873	  0.23515825
  0.30	  0.23824641	  0.24340642	  0.23842501	  0.23461134	  0.23323814	  0.23232880
  0.40	  0.23310117	  0.24131107	  0.23589618	  0.23154615	  0.23091117	  0.23043868
  0.50	  0.22698832	  0.23891673	  0.23307674	  0.23045850	  0.22875015	  0.22794716
  0.60	  0.22207503	  0.23718251	  0.23076834	  0.22829767	  0.22639470	  0.22470531
  0.70	  0.21714784	  0.23543277	  0.22814209	  0.22611996	  0.22360085	  0.22413541
  0.80	  0.20828383	  0.23219966	  0.22540438	  0.22415207	  0.22072155	  0.22100955
  0.90	  0.20323402	  0.22980454	  0.22392820	  0.22032480	  0.21834504	  0.21755722
  1.00	  0.19437254	  0.22732942	  0.22193106	  0.21754418	  0.21627566	  0.21546806
  1.10	  0.18520831	  0.22457627	  0.21994713	  0.21605138	  0.21466573	  0.21366099
  1.20	  0.17416953	  0.22254849	  0.21710539	  0.21299824	  0.21175671	  0.21101626
  1.30	  0.16160662	  0.22008658	  0.21458565	  0.21123293	  0.20847616	  0.20790615
  1.40	  0.14768272	  0.21749341	  0.21232183	  0.21006569	  0.20691701	  0.20635109
  1.50	  0.13168797	  0.21480472	  0.21018517	  0.20527136	  0.20419375	  0.20324385
  1.60	  0.11813320	  0.21173393	  0.20778761	  0.20380026	  0.20190888	  0.20069505
  1.70	  0.09484398	  0.20922231	  0.20598283	  0.20246180	  0.19918934	  0.19900540
  1.80	  0.07223890	  0.20620822	  0.20286865	  0.19914580	  0.19640044	  0.19639789
  1.90	  0.05375517	  0.20327722	  0.20094334	  0.19575262	  0.19396573	  0.19379754
  2.00	  0.03534781	  0.19955794	  0.19848799	  0.19472527	  0.19165981	  0.19048553
  2.10	  0.02101725	  0.19609262	  0.19585430	  0.19215928	  0.18884739	  0.18847943
  2.20	  0.01100661	  0.19326181	  0.19385386	  0.19046149	  0.18680401	  0.18588767
  2.30	  0.00542789	  0.18986328	  0.19003131	  0.18739871	  0.18591484	  0.18339758
  2.40	  0.00322212	  0.18603217	  0.18863273	  0.18432146	  0.18209435	  0.18165065
  2.50	  0.00114871	  0.18198826	  0.18653652	  0.18415747	  0.17905777	  0.17880544
  2.60	  0.00017565	  0.17858352	  0.18419097	  0.18102958	  0.17768809	  0.17586144
  2.70	  0.00000636	  0.17396180	  0.18125017	  0.17728913	  0.17508867	  0.17352313
  2.80	  0.00000000	  0.17184704	  0.17846375	  0.17635582	  0.17277532	  0.17119914
  2.90	  0.00000382	  0.16700942	  0.17620324	  0.17199317	  0.17028365	  0.16937632
  3.00	  0.00000000	  0.16286377	  0.17242692	  0.17051966	  0.16776968	  0.16667001
  3.10	  0.00000000	  0.15885792	  0.17067085	  0.16876881	  0.16561608	  0.16394795
  3.20	  0.00000000	  0.15350229	  0.16783325	  0.16638129	  0.16210891	  0.16154663
  3.30	  0.00000000	  0.14751971	  0.16409903	  0.16293024	  0.16045440	  0.15828331
  3.40	  0.00000000	  0.14416184	  0.16164451	  0.16087070	  0.15735838	  0.15656788
  3.50	  0.00000000	  0.13688059	  0.15875902	  0.15814796	  0.15548466	  0.15419951
  3.60	  0.00000000	  0.13138754	  0.15524854	  0.15639229	  0.15247781	  0.15184258
  3.70	  0.00000000	  0.12492559	  0.15311518	  0.15297258	  0.15092732	  0.14896301
  3.80	  0.00000000	  0.11843544	  0.14765379	  0.15065018	  0.14923194	  0.14720606
  3.90	  0.00000000	  0.10933701	  0.14549071	  0.14892827	  0.14631549	  0.14440924
  4.00	  0.00000000	  0.10377503	  0.14181841	  0.14569909	  0.14382876	  0.14269568
  4.10	  0.00000000	  0.09312417	  0.13891889	  0.14347314	  0.14183616	  0.13978495
  4.20	  0.00000000	  0.08283283	  0.13522227	  0.14168371	  0.13946461	  0.13652656
  4.30	  0.00000000	  0.07274356	  0.13202479	  0.13805419	  0.13693207	  0.13518829
  4.40	  0.00000000	  0.06395296	  0.12824997	  0.13695208	  0.13482553	  0.13233138
  4.50	  0.00000000	  0.04838945	  0.12360371	  0.13328639	  0.13203540	  0.13100620
  4.60	  0.00000000	  0.03629032	  0.11951480	  0.13076381	  0.13029915	  0.12825403
  4.70	  0.00000000	  0.02808952	  0.11662890	  0.12884897	  0.12736908	  0.12550912
  4.80	  0.00000000	  0.01953233	  0.11164273	  0.12719218	  0.12578515	  0.12339262
  4.90	  0.00000000	  0.01252444	  0.10711144	  0.12406187	  0.12255167	  0.12155833
  5.00	  0.00000000	  0.00784129	  0.10243602	  0.12057947	  0.12062099	  0.11928327
  5.10	  0.00000000	  0.00435653	  0.09755694	  0.11660027	  0.11881415	  0.11713913
  5.20	  0.00000000	  0.00234353	  0.09253343	  0.11481565	  0.11646241	  0.11444078
  5.30	  0.00000000	  0.00129317	  0.08642114	  0.11210256	  0.11467291	  0.11274758
  5.40	  0.00000000	  0.00057492	  0.08162212	  0.10877450	  0.11245864	  0.11026306
  5.50	  0.00000000	  0.00042766	  0.07385859	  0.10735405	  0.10977377	  0.10824256
  5.60	  0.00000000	  0.00019033	  0.06810027	  0.10285393	  0.10701678	  0.10605479
  5.70	  0.00000000	  0.00000235	  0.06185178	  0.10147206	  0.10510861	  0.10331279
  5.80	  0.00000000	  0.00000000	  0.05325843	  0.09724205	  0.10324313	  0.10216217
  5.90	  0.00000000	  0.00003211	  0.04346196	  0.09517045	  0.10096212	  0.09916416
  6.00	  0.00000000	  0.00000313	  0.03597336	  0.09209079	  0.09932637	  0.09796118
  6.10	  0.00000000	  0.00000000	  0.02920024	  0.08950793	  0.09713449	  0.09582141
  6.20	  0.00000000	  0.00000000	  0.02322584	  0.08599659	  0.09451452	  0.09347944
  6.30	  0.00000000	  0.00000000	  0.01618620	  0.08101414	  0.09263523	  0.09085381
  6.40	  0.00000000	  0.00000000	  0.01270296	  0.07878820	  0.09019604	  0.08922898
  6.50	  0.00000000	  0.00000000	  0.00907594	  0.07459677	  0.08834185	  0.08731904
  6.60	  0.00000000	  0.00000000	  0.00535729	  0.07000984	  0.08533021	  0.08616406
  6.70	  0.00000000	  0.00000000	  0.00370773	  0.06526133	  0.08370953	  0.08381918
  6.80	  0.00000000	  0.00000000	  0.00193794	  0.06351771	  0.08200975	  0.08180742
  6.90	  0.00000000	  0.00000000	  0.00145955	  0.05989784	  0.07944628	  0.08052734
  7.00	  0.00000000	  0.00000000	  0.00046998	  0.05349253	  0.07664680	  0.07853448
  7.10	  0.00000000	  0.00000000	  0.00000000	  0.04909853	  0.07486919	  0.07717585
  7.20	  0.00000000	  0.00000000	  0.00000000	  0.04560166	  0.07248900	  0.07477133
  7.30	  0.00000000	  0.00000000	  0.00000000	  0.03978961	  0.07129765	  0.07366290
  7.40	  0.00000000	  0.00000000	  0.00000000	  0.03655560	  0.06871284	  0.07149839
  7.50	  0.00000000	  0.00000000	  0.00000000	  0.02990189	  0.06637157	  0.07018776
  7.60	  0.00000000	  0.00000000	  0.00000000	  0.02705616	  0.06388468	  0.06834183
  7.70	  0.00000000	  0.00000000	  0.00000000	  0.02100054	  0.06164007	  0.06687846
  7.80	  0.00000000	  0.00000000	  0.00000000	  0.01789194	  0.05993527	  0.06486524
  7.90	  0.00000000	  0.00000000	  0.00000000	  0.01475440	  0.05759526	  0.06347024
  8.00	  0.00000000	  0.00000000	  0.00000000	  0.00964173	  0.05472799	  0.06184687
  8.10	  0.00000000	  0.00000000	  0.00000000	  0.00758219	  0.05263026	  0.06005766
  8.20	  0.00000000	  0.00000000	  0.00000000	  0.00590369	  0.05057647	  0.05911797
  8.30	  0.00000000	  0.00000000	  0.00000000	  0.00404673	  0.04798412	  0.05754114
  8.40	  0.00000000	  0.00000000	  0.00000000	  0.00292532	  0.04493357	  0.05620287
  8.50	  0.00000000	  0.00000000	  0.00000000	  0.00211501	  0.04295384	  0.05446603
  8.60	  0.00000000	  0.00000000	  0.00000000	  0.00101530	  0.03979783	  0.05331832
  8.70	  0.00000000	  0.00000000	  0.00000000	  0.00058844	  0.03752686	  0.05102290
  8.80	  0.00000000	  0.00000000	  0.00000000	  0.00057397	  0.03504876	  0.05041632
  8.90	  0.00000000	  0.00000000	  0.00000000	  0.00037622	  0.03193418	  0.04906059
  9.00	  0.00000000	  0.00000000	  0.00000000	  0.00037863	  0.02847060	  0.04730485
  9.10	  0.00000000	  0.00000000	  0.00000000	  0.00019775	  0.02567865	  0.04588366
  9.20	  0.00000000	  0.00000000	  0.00000000	  0.00011094	  0.02305367	  0.04476505
  9.30	  0.00000000	  0.00000000	  0.00000000	  0.00010370	  0.02090322	  0.04370025
  9.40	  0.00000000	  0.00000000	  0.00000000	  0.00005788	  0.01802339	  0.04233435
  9.50	  0.00000000	  0.00000000	  0.00000000	  0.00007958	  0.01562688	  0.04085643
  9.60	  0.00000000	  0.00000000	  0.00000000	  0.00002653	  0.01358941	  0.03953853
  9.70	  0.00000000	  0.00000000	  0.00000000	  0.00000723	  0.01108494	  0.03804898
  9.80	  0.00000000	  0.00000000	  0.00000000	  0.00002653	  0.00859428	  0.03701182
  9.90	  0.00000000	  0.00000000	  0.00000000	  0.00000000	  0.00764899	  0.03600521
 10.00	  0.00000000	  0.00000000	  0.00000000	  0.00000000	  0.00621661	  0.03450694
 10.10	  0.00000000	  0.00000000	  0.00000000	  0.00000000	  0.00483068	  0.03307703
 10.20	  0.00000000	  0.00000000	  0.00000000	  0.00000000	  0.00326648	  0.03181440
 10.30	  0.00000000	  0.00000000	  0.00000000	  0.00000000	  0.00298904	  0.03007320
 10.40	  0.00000000	  0.00000000	  0.00000000	  0.00000000	  0.00210526	  0.02938952
 10.50	  0.00000000	  0.00000000	  0.00000000	  0.00000000	  0.00176129	  0.02796252
 10.60	  0.00000000	  0.00000000	  0.00000000	  0.00000000	  0.00120767	  0.02689190
 10.70	  0.00000000	  0.00000000	  0.00000000	  0.00000482	  0.00088880	  0.02567583
 10.80	  0.00000000	  0.00000000	  0.00000000	  0.00000000	  0.00086244	  0.02421391
 10.90	  0.00000000	  0.00000000	  0.00000000	  0.00000000	  0.00066911	  0.02388371
 11.00	  0.00000000	  0.00000000	  0.00000000	  0.00000000	  0.00047955	  0.02181376
 11.10	  0.00000000	  0.00000000	  0.00000000	  0.00000000	  0.00036280	  0.02068932
 11.20	  0.00000000	  0.00000000	  0.00000000	  0.00000000	  0.00034146	  0.01978599
 11.30	  0.00000000	  0.00000000	  0.00000000	  0.00000000	  0.00013558	  0.01848264
 11.40	  0.00000000	  0.00000000	  0.00000000	  0.00000000	  0.00012052	  0.01689708
 11.50	  0.00000000	  0.00000000	  0.00000000	  0.00000000	  0.00011424	  0.01618285
 11.60	  0.00000000	  0.00000000	  0.00000000	  0.00000000	  0.00007783	  0.01492168
 11.70	  0.00000000	  0.00000000	  0.00000000	  0.00000000	  0.00007783	  0.01303356
 11.80	  0.00000000	  0.00000000	  0.00000000	  0.00000000	  0.00002762	  0.01240952
 11.90	  0.00000000	  0.00000000	  0.00000000	  0.00000000	  0.00006653	  0.01148001
 12.00	  0.00000000	  0.00000000	  0.00000000	  0.00000000	  0.00002887	  0.00994391
 12.10	  0.00000000	  0.00000000	  0.00000000	  0.00000000	  0.00000251	  0.00955116
 12.20	  0.00000000	  0.00000000	  0.00000000	  0.00000000	  0.00003013	  0.00760776
 12.30	  0.00000000	  0.00000000	  0.00000000	  0.00000000	  0.00000753	  0.00732701
 12.40	  0.00000000	  0.00000000	  0.00000000	  0.00000000	  0.00000628	  0.00656769
 12.50	  0.00000000	  0.00000000	  0.00000000	  0.00000000	  0.00000628	  0.00583165
 12.60	  0.00000000	  0.00000000	  0.00000000	  0.00000000	  0.00000000	  0.00538798
 12.70	  0.00000000	  0.00000000	  0.00000000	  0.00000000	  0.00000377	  0.00516106
 12.80	  0.00000000	  0.00000000	  0.00000000	  0.00000000	  0.00001004	  0.00369187
 12.90	  0.00000000	  0.00000000	  0.00000000	  0.00000000	  0.00003138	  0.00337476
 13.00	  0.00000000	  0.00000000	  0.00000000	  0.00000000	  0.00000502	  0.00268963
 13.10	  0.00000000	  0.00000000	  0.00000000	  0.00000000	  0.00000000	  0.00245398
 13.20	  0.00000000	  0.00000000	  0.00000000	  0.00000000	  0.00000000	  0.00211795
 13.30	  0.00000000	  0.00000000	  0.00000000	  0.00000000	  0.00000502	  0.00197104
 13.40	  0.00000000	  0.00000000	  0.00000000	  0.00000000	  0.00000000	  0.00173102
 13.50	  0.00000000	  0.00000000	  0.00000000	  0.00000000	  0.00000000	  0.00116662
 13.60	  0.00000000	  0.00000000	  0.00000000	  0.00000000	  0.00000000	  0.00118844
 13.70	  0.00000000	  0.00000000	  0.00000000	  0.00000000	  0.00000000	  0.00087715
 13.80	  0.00000000	  0.00000000	  0.00000000	  0.00000000	  0.00000000	  0.00076950
 13.90	  0.00000000	  0.00000000	  0.00000000	  0.00000000	  0.00000000	  0.00066186
 14.00	  0.00000000	  0.00000000	  0.00000000	  0.00000000	  0.00000000	  0.00041894
 14.10	  0.00000000	  0.00000000	  0.00000000	  0.00000000	  0.00000000	  0.00045967
 14.20	  0.00000000	  0.00000000	  0.00000000	  0.00000000	  0.00000000	  0.00033602
 14.30	  0.00000000	  0.00000000	  0.00000000	  0.00000000	  0.00000000	  0.00021674
 14.40	  0.00000000	  0.00000000	  0.00000000	  0.00000000	  0.00000000	  0.00020947
 14.50	  0.00000000	  0.00000000	  0.00000000	  0.00000000	  0.00000000	  0.00020365
 14.60	  0.00000000	  0.00000000	  0.00000000	  0.00000000	  0.00000000	  0.00023856
 14.70	  0.00000000	  0.00000000	  0.00000000	  0.00000000	  0.00000000	  0.00013674
 14.80	  0.00000000	  0.00000000	  0.00000000	  0.00000000	  0.00000000	  0.00019056
 14.90	  0.00000000	  0.00000000	  0.00000000	  0.00000000	  0.00000000	  0.00010764
 15.00	  0.00000000	  0.00000000	  0.00000000	  0.00000000	  0.00000000	  0.00006255
 15.10	  0.00000000	  0.00000000	  0.00000000	  0.00000000	  0.00000000	  0.00005237
 15.20	  0.00000000	  0.00000000	  0.00000000	  0.00000000	  0.00000000	  0.00006400
 15.30	  0.00000000	  0.00000000	  0.00000000	  0.00000000	  0.00000000	  0.00003782
 15.40	  0.00000000	  0.00000000	  0.00000000	  0.00000000	  0.00000000	  0.00008001
 15.50	  0.00000000	  0.00000000	  0.00000000	  0.00000000	  0.00000000	  0.00006691
 15.60	  0.00000000	  0.00000000	  0.00000000	  0.00000000	  0.00000000	  0.00003346
 15.70	  0.00000000	  0.00000000	  0.00000000	  0.00000000	  0.00000000	  0.00004218
 15.80	  0.00000000	  0.00000000	  0.00000000	  0.00000000	  0.00000000	  0.00000873
 15.90	  0.00000000	  0.00000000	  0.00000000	  0.00000000	  0.00000000	  0.00001018
 16.00	  0.00000000	  0.00000000	  0.00000000	  0.00000000	  0.00000000	  0.00002618
