#ber rs fade interleaved
#SNR BER
 -7.00	  0.37499267
 -6.90	  0.37378792
 -6.80	  0.37262361
 -6.70	  0.37086360
 -6.60	  0.36954791
 -6.50	  0.36816774
 -6.40	  0.36679841
 -6.30	  0.36516120
 -6.20	  0.36369501
 -6.10	  0.36230561
 -6.00	  0.36060333
 -5.90	  0.35936971
 -5.80	  0.35738313
 -5.70	  0.35648788
 -5.60	  0.35445661
 -5.50	  0.35325347
 -5.40	  0.35160072
 -5.30	  0.34991207
 -5.20	  0.34822167
 -5.10	  0.34659676
 -5.00	  0.34453149
 -4.90	  0.34305284
 -4.80	  0.34130382
 -4.70	  0.34004763
 -4.60	  0.33786628
 -4.50	  0.33628120
 -4.40	  0.33422322
 -4.30	  0.33301584
 -4.20	  0.33102697
 -4.10	  0.32919039
 -4.00	  0.32768376
 -3.90	  0.32567887
 -3.80	  0.32398881
 -3.70	  0.32217759
 -3.60	  0.32022045
 -3.50	  0.31841709
 -3.40	  0.31621631
 -3.30	  0.31457577
 -3.20	  0.31250282
 -3.10	  0.31041993
 -3.00	  0.30859077
 -2.90	  0.30661064
 -2.80	  0.30429583
 -2.70	  0.30304470
 -2.60	  0.30079543
 -2.50	  0.29855031
 -2.40	  0.29676000
 -2.30	  0.29444889
 -2.20	  0.29273199
 -2.10	  0.29026473
 -2.00	  0.28820349
 -1.90	  0.28626252
 -1.80	  0.28408235
 -1.70	  0.28251492
 -1.60	  0.28014672
 -1.50	  0.27773818
 -1.40	  0.27567205
 -1.30	  0.27305650
 -1.20	  0.27130801
 -1.10	  0.26858214
 -1.00	  0.26664309
 -0.90	  0.26457221
 -0.80	  0.26235853
 -0.70	  0.25964467
 -0.60	  0.25747162
 -0.50	  0.25530228
 -0.40	  0.25301890
 -0.30	  0.25058085
 -0.20	  0.24849515
 -0.10	  0.24603634
 -0.00	  0.24344942
  0.10	  0.24177166
  0.20	  0.23884144
  0.30	  0.23668396
  0.40	  0.23445856
  0.50	  0.23198018
  0.60	  0.22909756
  0.70	  0.22730696
  0.80	  0.22456417
  0.90	  0.22200705
  1.00	  0.21979856
  1.10	  0.21742784
  1.20	  0.21486894
  1.30	  0.21242230
  1.40	  0.21008390
  1.50	  0.20735121
  1.60	  0.20509778
  1.70	  0.20271090
  1.80	  0.20021547
  1.90	  0.19763551
  2.00	  0.19553987
  2.10	  0.19261825
  2.20	  0.19017783
  2.30	  0.18782698
  2.40	  0.18516546
  2.50	  0.18291812
  2.60	  0.18073054
  2.70	  0.17766523
  2.80	  0.17548432
  2.90	  0.17291266
  3.00	  0.17030942
  3.10	  0.16785522
  3.20	  0.16549324
  3.30	  0.16339597
  3.40	  0.16082817
  3.50	  0.15825237
  3.60	  0.15598545
  3.70	  0.15389277
  3.80	  0.15120886
  3.90	  0.14867250
  4.00	  0.14626026
  4.10	  0.14392306
  4.20	  0.14162767
  4.30	  0.13940390
  4.40	  0.13683803
  4.50	  0.13471585
  4.60	  0.13223139
  4.70	  0.12970466
  4.80	  0.12767813
  4.90	  0.12536213
  5.00	  0.12303856
  5.10	  0.12087560
  5.20	  0.11875178
  5.30	  0.11639188
  5.40	  0.11426762
  5.50	  0.11225221
  5.60	  0.11001124
  5.70	  0.10781031
  5.80	  0.10553984
  5.90	  0.10370845
  6.00	  0.10163757
  6.10	  0.09968903
  6.20	  0.09739157
  6.30	  0.09574050
  6.40	  0.09365747
  6.50	  0.09180917
  6.60	  0.08975624
  6.70	  0.08762679
  6.80	  0.08585071
  6.90	  0.08405951
  7.00	  0.08211335
  7.10	  0.08030094
  7.20	  0.07856520
  7.30	  0.07682205
  7.40	  0.07532920
  7.50	  0.07353311
  7.60	  0.07169416
  7.70	  0.07014363
  7.80	  0.06855010
  7.90	  0.06689681
  8.00	  0.06529127
  8.10	  0.06378197
  8.20	  0.06247790
  8.30	  0.06077360
  8.40	  0.05938234
  8.50	  0.05791515
  8.60	  0.05647629
  8.70	  0.05509867
  8.80	  0.05382412
  8.90	  0.05241002
  9.00	  0.05118365
  9.10	  0.04981241
  9.20	  0.04873731
  9.30	  0.04744614
  9.40	  0.04618775
  9.50	  0.04513444
  9.60	  0.04386374
  9.70	  0.04273362
  9.80	  0.04160424
  9.90	  0.04067712
 10.00	  0.03961195
 10.10	  0.03852543
 10.20	  0.03764977
 10.30	  0.03668529
 10.40	  0.03563836
 10.50	  0.03487259
 10.60	  0.03409688
 10.70	  0.03309814
 10.80	  0.03223139
 10.90	  0.03134402
 11.00	  0.03057098
 11.10	  0.02975464
 11.20	  0.02906687
 11.30	  0.02835033
 11.40	  0.02766834
 11.50	  0.02688225
 11.60	  0.02624104
 11.70	  0.02559257
 11.80	  0.02501587
 11.90	  0.02444035
 12.00	  0.02373983
 12.10	  0.02315334
 12.20	  0.02256062
 12.30	  0.02210774
 12.40	  0.02153845
 12.50	  0.02101113
 12.60	  0.02036711
 12.70	  0.01998274
 12.80	  0.01950139
 12.90	  0.01889562
 13.00	  0.01845283
 13.10	  0.01800721
 13.20	  0.01758206
 13.30	  0.01712889
 13.40	  0.01683735
 13.50	  0.01643548
 13.60	  0.01600277
 13.70	  0.01564480
 13.80	  0.01529098
 13.90	  0.01486256
 14.00	  0.01454760
 14.10	  0.01424686
 14.20	  0.01381489
 14.30	  0.01346330
 14.40	  0.01331219
 14.50	  0.01290795
 14.60	  0.01261493
 14.70	  0.01221706
 14.80	  0.01179962
 14.90	  0.01150467
 15.00	  0.01111986
 15.10	  0.01066505
 15.20	  0.01029299
 15.30	  0.01001406
 15.40	  0.00961961
 15.50	  0.00915368
 15.60	  0.00877094
 15.70	  0.00831554
 15.80	  0.00787749
 15.90	  0.00736841
 16.00	  0.00702319
 16.10	  0.00634505
 16.20	  0.00596143
 16.30	  0.00557943
 16.40	  0.00516867
 16.50	  0.00459908
 16.60	  0.00405530
 16.70	  0.00385659
 16.80	  0.00342210
 16.90	  0.00309319
 17.00	  0.00279068
 17.10	  0.00241921
 17.20	  0.00221175
 17.30	  0.00191043
 17.40	  0.00154800
 17.50	  0.00132082
 17.60	  0.00119315
 17.70	  0.00100704
 17.80	  0.00082657
 17.90	  0.00068080
 18.00	  0.00059613
 18.10	  0.00050211
 18.20	  0.00039772
 18.30	  0.00031838
 18.40	  0.00027508
 18.50	  0.00022555
 18.60	  0.00020420
 18.70	  0.00012442
 18.80	  0.00010855
 18.90	  0.00008616
 19.00	  0.00005101
 19.10	  0.00004553
 19.20	  0.00003589
 19.30	  0.00003070
 19.40	  0.00001839
 19.50	  0.00001335
 19.60	  0.00000608
 19.70	  0.00000356
 19.80	  0.00001157
 19.90	  0.00000252
 20.00	  0.00000415
 20.10	  0.00000000
 20.20	  0.00000445
 20.30	  0.00000252
 20.40	  0.00000000
 20.50	  0.00000000
 20.60	  0.00000000
 20.70	  0.00000000
 20.80	  0.00000000
 20.90	  0.00000000
 21.00	  0.00000000
 21.10	  0.00000000
 21.20	  0.00000000
 21.30	  0.00000000
 21.40	  0.00000000
 21.50	  0.00000000
 21.60	  0.00000000
 21.70	  0.00000000
 21.80	  0.00000000
 21.90	  0.00000000
 22.00	  0.00000000
 22.10	  0.00000000
 22.20	  0.00000000
 22.30	  0.00000000
 22.40	  0.00000000
 22.50	  0.00000000
 22.60	  0.00000000
 22.70	  0.00000000
 22.80	  0.00000000
 22.90	  0.00000000
 23.00	  0.00000000
 23.10	  0.00000000
 23.20	  0.00000000
 23.30	  0.00000000
 23.40	  0.00000000
 23.50	  0.00000000
 23.60	  0.00000000
 23.70	  0.00000000
 23.80	  0.00000000
 23.90	  0.00000000
 24.00	  0.00000000
 24.10	  0.00000000
 24.20	  0.00000000
 24.30	  0.00000000
 24.40	  0.00000000
 24.50	  0.00000000
 24.60	  0.00000000
 24.70	  0.00000000
 24.80	  0.00000000
 24.90	  0.00000000
 25.00	  0.00000000
 25.10	  0.00000000
 25.20	  0.00000000
 25.30	  0.00000000
 25.40	  0.00000000
 25.50	  0.00000000
 25.60	  0.00000000
 25.70	  0.00000000
 25.80	  0.00000000
 25.90	  0.00000000
 26.00	  0.00000000
 26.10	  0.00000000
 26.20	  0.00000000
 26.30	  0.00000000
 26.40	  0.00000000
 26.50	  0.00000000
 26.60	  0.00000000
 26.70	  0.00000000
 26.80	  0.00000000
 26.90	  0.00000000
 27.00	  0.00000000
 27.10	  0.00000000
 27.20	  0.00000000
 27.30	  0.00000000
 27.40	  0.00000000
 27.50	  0.00000000
 27.60	  0.00000000
 27.70	  0.00000000
 27.80	  0.00000000
 27.90	  0.00000000
 28.00	  0.00000000
 28.10	  0.00000000
 28.20	  0.00000000
 28.30	  0.00000000
 28.40	  0.00000000
 28.50	  0.00000000
 28.60	  0.00000000
 28.70	  0.00000000
 28.80	  0.00000000
 28.90	  0.00000000
 29.00	  0.00000000
 29.10	  0.00000000
 29.20	  0.00000000
 29.30	  0.00000000
 29.40	  0.00000000
 29.50	  0.00000000
 29.60	  0.00000000
 29.70	  0.00000000
 29.80	  0.00000000
 29.90	  0.00000000
