#ber rep3_soft_fading
#SNR BER
 -7.00	  0.29131300
 -6.90	  0.28951900
 -6.80	  0.28689000
 -6.70	  0.28480400
 -6.60	  0.28328900
 -6.50	  0.28032200
 -6.40	  0.27835900
 -6.30	  0.27570600
 -6.20	  0.27381400
 -6.10	  0.27107500
 -6.00	  0.26892600
 -5.90	  0.26603900
 -5.80	  0.26482900
 -5.70	  0.26135400
 -5.60	  0.25984900
 -5.50	  0.25686200
 -5.40	  0.25543600
 -5.30	  0.25290300
 -5.20	  0.24946500
 -5.10	  0.24658300
 -5.00	  0.24489600
 -4.90	  0.24295000
 -4.80	  0.24064900
 -4.70	  0.23763700
 -4.60	  0.23536000
 -4.50	  0.23315100
 -4.40	  0.23007500
 -4.30	  0.22718600
 -4.20	  0.22579300
 -4.10	  0.22219200
 -4.00	  0.21992700
 -3.90	  0.21784700
 -3.80	  0.21453100
 -3.70	  0.21219500
 -3.60	  0.20957100
 -3.50	  0.20678500
 -3.40	  0.20481500
 -3.30	  0.20293800
 -3.20	  0.19883600
 -3.10	  0.19640400
 -3.00	  0.19419800
 -2.90	  0.19199000
 -2.80	  0.18833300
 -2.70	  0.18607600
 -2.60	  0.18308600
 -2.50	  0.18069700
 -2.40	  0.17786000
 -2.30	  0.17547200
 -2.20	  0.17246400
 -2.10	  0.16995200
 -2.00	  0.16803400
 -1.90	  0.16475600
 -1.80	  0.16083500
 -1.70	  0.15909200
 -1.60	  0.15636600
 -1.50	  0.15397200
 -1.40	  0.15092800
 -1.30	  0.14908200
 -1.20	  0.14580600
 -1.10	  0.14353800
 -1.00	  0.14064300
 -0.90	  0.13843000
 -0.80	  0.13581100
 -0.70	  0.13277500
 -0.60	  0.12987900
 -0.50	  0.12802600
 -0.40	  0.12617500
 -0.30	  0.12265300
 -0.20	  0.12025700
 -0.10	  0.11750000
 -0.00	  0.11509000
  0.10	  0.11257400
  0.20	  0.10983900
  0.30	  0.10829000
  0.40	  0.10488900
  0.50	  0.10284400
  0.60	  0.10061700
  0.70	  0.09790100
  0.80	  0.09558500
  0.90	  0.09321600
  1.00	  0.09110100
  1.10	  0.08892400
  1.20	  0.08672000
  1.30	  0.08459000
  1.40	  0.08202200
  1.50	  0.08011300
  1.60	  0.07738900
  1.70	  0.07528200
  1.80	  0.07328800
  1.90	  0.07096600
  2.00	  0.06872700
  2.10	  0.06683800
  2.20	  0.06471300
  2.30	  0.06286300
  2.40	  0.06102200
  2.50	  0.05881800
  2.60	  0.05736700
  2.70	  0.05555900
  2.80	  0.05358900
  2.90	  0.05195400
  3.00	  0.05042600
  3.10	  0.04835600
  3.20	  0.04675200
  3.30	  0.04539200
  3.40	  0.04358000
  3.50	  0.04185800
  3.60	  0.04078900
  3.70	  0.03900900
  3.80	  0.03769800
  3.90	  0.03603300
  4.00	  0.03460700
  4.10	  0.03350800
  4.20	  0.03193400
  4.30	  0.03096400
  4.40	  0.02931700
  4.50	  0.02859000
  4.60	  0.02733800
  4.70	  0.02596700
  4.80	  0.02470600
  4.90	  0.02363900
  5.00	  0.02274600
  5.10	  0.02185000
  5.20	  0.02078200
  5.30	  0.02023000
  5.40	  0.01897300
  5.50	  0.01793900
  5.60	  0.01718000
  5.70	  0.01631200
  5.80	  0.01569700
  5.90	  0.01487800
  6.00	  0.01428700
  6.10	  0.01325600
  6.20	  0.01285700
  6.30	  0.01219300
  6.40	  0.01155300
  6.50	  0.01092000
  6.60	  0.01020600
  6.70	  0.00977200
  6.80	  0.00933200
  6.90	  0.00881200
  7.00	  0.00839900
  7.10	  0.00793700
  7.20	  0.00759000
  7.30	  0.00701800
  7.40	  0.00667200
  7.50	  0.00622600
  7.60	  0.00590000
  7.70	  0.00558400
  7.80	  0.00524400
  7.90	  0.00488400
  8.00	  0.00456100
  8.10	  0.00437300
  8.20	  0.00408000
  8.30	  0.00381700
  8.40	  0.00358300
  8.50	  0.00337100
  8.60	  0.00315800
  8.70	  0.00295800
  8.80	  0.00284200
  8.90	  0.00258000
  9.00	  0.00245800
  9.10	  0.00227000
  9.20	  0.00222900
  9.30	  0.00198900
  9.40	  0.00192600
  9.50	  0.00178700
  9.60	  0.00166700
  9.70	  0.00156200
  9.80	  0.00145800
  9.90	  0.00131900
 10.00	  0.00130300
 10.10	  0.00114900
 10.20	  0.00108600
 10.30	  0.00106000
 10.40	  0.00101700
 10.50	  0.00088200
 10.60	  0.00085700
 10.70	  0.00079000
 10.80	  0.00071200
 10.90	  0.00067800
 11.00	  0.00061800
 11.10	  0.00060200
 11.20	  0.00054800
 11.30	  0.00051500
 11.40	  0.00042800
 11.50	  0.00044100
 11.60	  0.00039800
 11.70	  0.00043100
 11.80	  0.00034300
 11.90	  0.00032900
 12.00	  0.00027400
 12.10	  0.00026900
 12.20	  0.00027500
 12.30	  0.00026200
 12.40	  0.00022700
 12.50	  0.00021700
 12.60	  0.00020200
 12.70	  0.00019600
 12.80	  0.00018200
 12.90	  0.00015200
 13.00	  0.00013700
 13.10	  0.00014400
 13.20	  0.00011200
 13.30	  0.00011000
 13.40	  0.00010800
 13.50	  0.00010300
 13.60	  0.00010700
 13.70	  0.00008400
 13.80	  0.00010300
 13.90	  0.00009100
 14.00	  0.00007200
 14.10	  0.00007000
 14.20	  0.00006700
 14.30	  0.00005100
 14.40	  0.00004600
 14.50	  0.00003200
 14.60	  0.00004500
 14.70	  0.00004700
 14.80	  0.00004400
 14.90	  0.00003300
 15.00	  0.00003400
 15.10	  0.00003800
 15.20	  0.00003100
 15.30	  0.00002500
 15.40	  0.00003200
 15.50	  0.00002600
 15.60	  0.00002000
 15.70	  0.00002200
 15.80	  0.00001800
 15.90	  0.00002000
 16.00	  0.00002000
 16.10	  0.00001000
 16.20	  0.00001600
 16.30	  0.00001500
 16.40	  0.00001000
 16.50	  0.00001500
 16.60	  0.00001500
 16.70	  0.00000900
 16.80	  0.00001100
 16.90	  0.00001100
 17.00	  0.00001400
 17.10	  0.00000900
 17.20	  0.00000600
 17.30	  0.00001100
 17.40	  0.00000500
 17.50	  0.00000400
 17.60	  0.00000600
 17.70	  0.00000300
 17.80	  0.00000300
 17.90	  0.00000400
 18.00	  0.00000700
 18.10	  0.00000500
 18.20	  0.00000100
 18.30	  0.00000300
 18.40	  0.00000200
 18.50	  0.00000400
 18.60	  0.00000300
 18.70	  0.00000300
 18.80	  0.00000400
 18.90	  0.00000300
 19.00	  0.00000500
 19.10	  0.00000100
 19.20	  0.00000100
 19.30	  0.00000200
 19.40	  0.00000100
 19.50	  0.00000100
 19.60	  0.00000000
 19.70	  0.00000000
 19.80	  0.00000000
 19.90	  0.00000200
 20.00	  0.00000200
 20.10	  0.00000300
 20.20	  0.00000100
 20.30	  0.00000000
 20.40	  0.00000000
 20.50	  0.00000100
 20.60	  0.00000000
 20.70	  0.00000000
 20.80	  0.00000000
 20.90	  0.00000000
 21.00	  0.00000000
 21.10	  0.00000000
 21.20	  0.00000000
 21.30	  0.00000000
 21.40	  0.00000100
 21.50	  0.00000100
 21.60	  0.00000000
 21.70	  0.00000000
 21.80	  0.00000000
 21.90	  0.00000200
 22.00	  0.00000100
 22.10	  0.00000100
 22.20	  0.00000000
 22.30	  0.00000000
 22.40	  0.00000000
 22.50	  0.00000100
 22.60	  0.00000000
 22.70	  0.00000100
 22.80	  0.00000000
 22.90	  0.00000000
 23.00	  0.00000100
 23.10	  0.00000000
 23.20	  0.00000000
 23.30	  0.00000000
 23.40	  0.00000000
 23.50	  0.00000000
 23.60	  0.00000000
 23.70	  0.00000000
 23.80	  0.00000000
 23.90	  0.00000000
 24.00	  0.00000000
 24.10	  0.00000000
 24.20	  0.00000000
 24.30	  0.00000000
 24.40	  0.00000000
 24.50	  0.00000000
 24.60	  0.00000000
 24.70	  0.00000000
 24.80	  0.00000000
 24.90	  0.00000000
 25.00	  0.00000000
 25.10	  0.00000000
 25.20	  0.00000000
 25.30	  0.00000000
 25.40	  0.00000000
 25.50	  0.00000000
 25.60	  0.00000000
 25.70	  0.00000000
 25.80	  0.00000000
 25.90	  0.00000000
 26.00	  0.00000000
 26.10	  0.00000000
 26.20	  0.00000000
 26.30	  0.00000000
 26.40	  0.00000000
 26.50	  0.00000000
 26.60	  0.00000000
 26.70	  0.00000000
 26.80	  0.00000000
 26.90	  0.00000000
 27.00	  0.00000000
 27.10	  0.00000000
 27.20	  0.00000000
 27.30	  0.00000000
 27.40	  0.00000000
 27.50	  0.00000000
 27.60	  0.00000000
 27.70	  0.00000000
 27.80	  0.00000000
 27.90	  0.00000000
 28.00	  0.00000000
 28.10	  0.00000000
 28.20	  0.00000000
 28.30	  0.00000000
 28.40	  0.00000000
 28.50	  0.00000000
 28.60	  0.00000000
 28.70	  0.00000000
 28.80	  0.00000000
 28.90	  0.00000000
 29.00	  0.00000000
 29.10	  0.00000000
 29.20	  0.00000000
 29.30	  0.00000000
 29.40	  0.00000000
 29.50	  0.00000000
 29.60	  0.00000000
 29.70	  0.00000000
 29.80	  0.00000000
 29.90	  0.00000000
