#ser rs fade interleaved
#SNR SER
 -7.00	  1.00000000
 -6.90	  1.00000000
 -6.80	  1.00000000
 -6.70	  1.00000000
 -6.60	  1.00000000
 -6.50	  1.00000000
 -6.40	  1.00000000
 -6.30	  1.00000000
 -6.20	  1.00000000
 -6.10	  1.00000000
 -6.00	  1.00000000
 -5.90	  1.00000000
 -5.80	  1.00000000
 -5.70	  1.00000000
 -5.60	  1.00000000
 -5.50	  1.00000000
 -5.40	  1.00000000
 -5.30	  1.00000000
 -5.20	  1.00000000
 -5.10	  1.00000000
 -5.00	  1.00000000
 -4.90	  1.00000000
 -4.80	  1.00000000
 -4.70	  1.00000000
 -4.60	  1.00000000
 -4.50	  1.00000000
 -4.40	  1.00000000
 -4.30	  1.00000000
 -4.20	  1.00000000
 -4.10	  1.00000000
 -4.00	  1.00000000
 -3.90	  1.00000000
 -3.80	  1.00000000
 -3.70	  1.00000000
 -3.60	  1.00000000
 -3.50	  1.00000000
 -3.40	  1.00000000
 -3.30	  1.00000000
 -3.20	  1.00000000
 -3.10	  1.00000000
 -3.00	  1.00000000
 -2.90	  1.00000000
 -2.80	  1.00000000
 -2.70	  1.00000000
 -2.60	  1.00000000
 -2.50	  1.00000000
 -2.40	  1.00000000
 -2.30	  1.00000000
 -2.20	  1.00000000
 -2.10	  1.00000000
 -2.00	  1.00000000
 -1.90	  1.00000000
 -1.80	  1.00000000
 -1.70	  1.00000000
 -1.60	  1.00000000
 -1.50	  1.00000000
 -1.40	  1.00000000
 -1.30	  1.00000000
 -1.20	  1.00000000
 -1.10	  1.00000000
 -1.00	  1.00000000
 -0.90	  1.00000000
 -0.80	  1.00000000
 -0.70	  1.00000000
 -0.60	  1.00000000
 -0.50	  1.00000000
 -0.40	  1.00000000
 -0.30	  1.00000000
 -0.20	  1.00000000
 -0.10	  1.00000000
 -0.00	  1.00000000
  0.10	  1.00000000
  0.20	  1.00000000
  0.30	  1.00000000
  0.40	  1.00000000
  0.50	  1.00000000
  0.60	  1.00000000
  0.70	  1.00000000
  0.80	  1.00000000
  0.90	  1.00000000
  1.00	  1.00000000
  1.10	  1.00000000
  1.20	  1.00000000
  1.30	  1.00000000
  1.40	  1.00000000
  1.50	  1.00000000
  1.60	  1.00000000
  1.70	  1.00000000
  1.80	  1.00000000
  1.90	  1.00000000
  2.00	  1.00000000
  2.10	  1.00000000
  2.20	  1.00000000
  2.30	  1.00000000
  2.40	  1.00000000
  2.50	  1.00000000
  2.60	  1.00000000
  2.70	  1.00000000
  2.80	  1.00000000
  2.90	  1.00000000
  3.00	  1.00000000
  3.10	  1.00000000
  3.20	  1.00000000
  3.30	  1.00000000
  3.40	  1.00000000
  3.50	  1.00000000
  3.60	  1.00000000
  3.70	  1.00000000
  3.80	  1.00000000
  3.90	  1.00000000
  4.00	  1.00000000
  4.10	  1.00000000
  4.20	  1.00000000
  4.30	  1.00000000
  4.40	  1.00000000
  4.50	  1.00000000
  4.60	  1.00000000
  4.70	  1.00000000
  4.80	  1.00000000
  4.90	  1.00000000
  5.00	  1.00000000
  5.10	  1.00000000
  5.20	  1.00000000
  5.30	  1.00000000
  5.40	  1.00000000
  5.50	  1.00000000
  5.60	  1.00000000
  5.70	  1.00000000
  5.80	  1.00000000
  5.90	  1.00000000
  6.00	  1.00000000
  6.10	  1.00000000
  6.20	  1.00000000
  6.30	  1.00000000
  6.40	  1.00000000
  6.50	  1.00000000
  6.60	  1.00000000
  6.70	  1.00000000
  6.80	  1.00000000
  6.90	  1.00000000
  7.00	  1.00000000
  7.10	  1.00000000
  7.20	  1.00000000
  7.30	  1.00000000
  7.40	  1.00000000
  7.50	  1.00000000
  7.60	  1.00000000
  7.70	  1.00000000
  7.80	  1.00000000
  7.90	  1.00000000
  8.00	  1.00000000
  8.10	  1.00000000
  8.20	  0.99797980
  8.30	  1.00000000
  8.40	  1.00000000
  8.50	  1.00000000
  8.60	  1.00000000
  8.70	  1.00000000
  8.80	  1.00000000
  8.90	  0.99868248
  9.00	  1.00000000
  9.10	  0.99878788
  9.20	  0.99775533
  9.30	  1.00000000
  9.40	  0.99898990
  9.50	  0.99337121
  9.60	  0.99173554
  9.70	  0.99099099
  9.80	  0.99362041
  9.90	  0.99334812
 10.00	  0.98209366
 10.10	  0.97979798
 10.20	  0.97217069
 10.30	  0.96165739
 10.40	  0.96165739
 10.50	  0.95547310
 10.60	  0.95052566
 10.70	  0.92022263
 10.80	  0.91403834
 10.90	  0.90538033
 11.00	  0.88620903
 11.10	  0.87693259
 11.20	  0.83858998
 11.30	  0.84539270
 11.40	  0.80766852
 11.50	  0.77922078
 11.60	  0.76932591
 11.70	  0.74520717
 11.80	  0.72665430
 11.90	  0.70377242
 12.00	  0.67223253
 12.10	  0.66542981
 12.20	  0.63883735
 12.30	  0.61719233
 12.40	  0.58070501
 12.50	  0.55658627
 12.60	  0.55287570
 12.70	  0.50030921
 12.80	  0.49041435
 12.90	  0.46815090
 13.00	  0.44774273
 13.10	  0.41125541
 13.20	  0.39641311
 13.30	  0.38899196
 13.40	  0.37600495
 13.50	  0.35868893
 13.60	  0.33395176
 13.70	  0.30179344
 13.80	  0.29128015
 13.90	  0.29189858
 14.00	  0.24922696
 14.10	  0.25170068
 14.20	  0.25664811
 14.30	  0.22572665
 14.40	  0.21397650
 14.50	  0.21088435
 14.60	  0.19480519
 14.70	  0.17563389
 14.80	  0.17996289
 14.90	  0.17501546
 15.00	  0.16079159
 15.10	  0.13543599
 15.20	  0.13048856
 15.30	  0.12615955
 15.40	  0.10451453
 15.50	  0.10822511
 15.60	  0.10204082
 15.70	  0.10884354
 15.80	  0.09152752
 15.90	  0.07977737
 16.00	  0.07544836
 16.10	  0.07235622
 16.20	  0.07111936
 16.30	  0.06740878
 16.40	  0.06184292
 16.50	  0.06122449
 16.60	  0.05256648
 16.70	  0.04267161
 16.80	  0.05132962
 16.90	  0.04019790
 17.00	  0.04019790
 17.10	  0.03834261
 17.20	  0.02844774
 17.30	  0.03030303
 17.40	  0.03277675
 17.50	  0.03030303
 17.60	  0.02411874
 17.70	  0.01917130
 17.80	  0.01917130
 17.90	  0.02040816
 18.00	  0.01175015
 18.10	  0.01917130
 18.20	  0.01607916
 18.30	  0.01484230
 18.40	  0.01917130
 18.50	  0.00742115
 18.60	  0.00927644
 18.70	  0.01051330
 18.80	  0.00803958
 18.90	  0.00803958
 19.00	  0.00865801
 19.10	  0.00865801
 19.20	  0.01113173
 19.30	  0.01051330
 19.40	  0.00680272
 19.50	  0.00556586
 19.60	  0.00742115
 19.70	  0.00432900
 19.80	  0.00432900
 19.90	  0.00185529
 20.00	  0.00123686
 20.10	  0.00123686
 20.20	  0.00619195
 20.30	  0.00378788
 20.40	  0.00126263
 20.50	  0.00315657
 20.60	  0.00189394
 20.70	  0.00189394
 20.80	  0.00189394
 20.90	  0.00063131
 21.00	  0.00189394
 21.10	  0.00000000
 21.20	  0.00063131
 21.30	  0.00063131
 21.40	  0.00189394
 21.50	  0.00126263
 21.60	  0.00000000
 21.70	  0.00000000
 21.80	  0.00126263
 21.90	  0.00000000
 22.00	  0.00000000
 22.10	  0.00126263
 22.20	  0.00000000
 22.30	  0.00000000
 22.40	  0.00000000
 22.50	  0.00126263
 22.60	  0.00000000
 22.70	  0.00000000
 22.80	  0.00000000
 22.90	  0.00000000
 23.00	  0.00000000
 23.10	  0.00000000
 23.20	  0.00000000
 23.30	  0.00000000
 23.40	  0.00000000
 23.50	  0.00000000
 23.60	  0.00000000
 23.70	  0.00000000
 23.80	  0.00000000
 23.90	  0.00000000
 24.00	  0.00000000
 24.10	  0.00000000
 24.20	  0.00000000
 24.30	  0.00000000
 24.40	  0.00000000
 24.50	  0.00000000
 24.60	  0.00000000
 24.70	  0.00000000
 24.80	  0.00000000
 24.90	  0.00000000
 25.00	  0.00000000
 25.10	  0.00000000
 25.20	  0.00000000
 25.30	  0.00000000
 25.40	  0.00000000
 25.50	  0.00000000
 25.60	  0.00000000
 25.70	  0.00000000
 25.80	  0.00000000
 25.90	  0.00000000
 26.00	  0.00000000
 26.10	  0.00000000
 26.20	  0.00000000
 26.30	  0.00000000
 26.40	  0.00000000
 26.50	  0.00000000
 26.60	  0.00000000
 26.70	  0.00000000
 26.80	  0.00000000
 26.90	  0.00000000
 27.00	  0.00000000
 27.10	  0.00000000
 27.20	  0.00000000
 27.30	  0.00000000
 27.40	  0.00000000
 27.50	  0.00000000
 27.60	  0.00000000
 27.70	  0.00000000
 27.80	  0.00000000
 27.90	  0.00000000
 28.00	  0.00000000
 28.10	  0.00000000
 28.20	  0.00000000
 28.30	  0.00000000
 28.40	  0.00000000
 28.50	  0.00000000
 28.60	  0.00000000
 28.70	  0.00000000
 28.80	  0.00000000
 28.90	  0.00000000
 29.00	  0.00000000
 29.10	  0.00000000
 29.20	  0.00000000
 29.30	  0.00000000
 29.40	  0.00000000
 29.50	  0.00000000
 29.60	  0.00000000
 29.70	  0.00000000
 29.80	  0.00000000
 29.90	  0.00000000
