#ser rep3_soft_fading
#SNR SER
 -7.00	  1.00000000
 -6.90	  1.00000000
 -6.80	  1.00000000
 -6.70	  1.00000000
 -6.60	  1.00000000
 -6.50	  1.00000000
 -6.40	  1.00000000
 -6.30	  1.00000000
 -6.20	  1.00000000
 -6.10	  1.00000000
 -6.00	  1.00000000
 -5.90	  1.00000000
 -5.80	  1.00000000
 -5.70	  1.00000000
 -5.60	  1.00000000
 -5.50	  1.00000000
 -5.40	  1.00000000
 -5.30	  1.00000000
 -5.20	  1.00000000
 -5.10	  1.00000000
 -5.00	  1.00000000
 -4.90	  1.00000000
 -4.80	  1.00000000
 -4.70	  1.00000000
 -4.60	  1.00000000
 -4.50	  1.00000000
 -4.40	  1.00000000
 -4.30	  1.00000000
 -4.20	  1.00000000
 -4.10	  1.00000000
 -4.00	  1.00000000
 -3.90	  1.00000000
 -3.80	  1.00000000
 -3.70	  1.00000000
 -3.60	  1.00000000
 -3.50	  1.00000000
 -3.40	  1.00000000
 -3.30	  1.00000000
 -3.20	  1.00000000
 -3.10	  1.00000000
 -3.00	  1.00000000
 -2.90	  1.00000000
 -2.80	  1.00000000
 -2.70	  1.00000000
 -2.60	  1.00000000
 -2.50	  1.00000000
 -2.40	  1.00000000
 -2.30	  1.00000000
 -2.20	  1.00000000
 -2.10	  1.00000000
 -2.00	  1.00000000
 -1.90	  1.00000000
 -1.80	  1.00000000
 -1.70	  1.00000000
 -1.60	  1.00000000
 -1.50	  1.00000000
 -1.40	  1.00000000
 -1.30	  1.00000000
 -1.20	  1.00000000
 -1.10	  1.00000000
 -1.00	  1.00000000
 -0.90	  1.00000000
 -0.80	  1.00000000
 -0.70	  1.00000000
 -0.60	  1.00000000
 -0.50	  1.00000000
 -0.40	  1.00000000
 -0.30	  1.00000000
 -0.20	  1.00000000
 -0.10	  1.00000000
 -0.00	  1.00000000
  0.10	  1.00000000
  0.20	  1.00000000
  0.30	  1.00000000
  0.40	  1.00000000
  0.50	  1.00000000
  0.60	  1.00000000
  0.70	  1.00000000
  0.80	  1.00000000
  0.90	  1.00000000
  1.00	  1.00000000
  1.10	  1.00000000
  1.20	  1.00000000
  1.30	  1.00000000
  1.40	  1.00000000
  1.50	  1.00000000
  1.60	  1.00000000
  1.70	  1.00000000
  1.80	  1.00000000
  1.90	  1.00000000
  2.00	  1.00000000
  2.10	  1.00000000
  2.20	  1.00000000
  2.30	  1.00000000
  2.40	  1.00000000
  2.50	  1.00000000
  2.60	  1.00000000
  2.70	  1.00000000
  2.80	  1.00000000
  2.90	  1.00000000
  3.00	  1.00000000
  3.10	  1.00000000
  3.20	  1.00000000
  3.30	  1.00000000
  3.40	  1.00000000
  3.50	  1.00000000
  3.60	  1.00000000
  3.70	  1.00000000
  3.80	  1.00000000
  3.90	  1.00000000
  4.00	  1.00000000
  4.10	  1.00000000
  4.20	  1.00000000
  4.30	  1.00000000
  4.40	  1.00000000
  4.50	  1.00000000
  4.60	  1.00000000
  4.70	  1.00000000
  4.80	  1.00000000
  4.90	  1.00000000
  5.00	  1.00000000
  5.10	  1.00000000
  5.20	  1.00000000
  5.30	  1.00000000
  5.40	  1.00000000
  5.50	  1.00000000
  5.60	  1.00000000
  5.70	  1.00000000
  5.80	  1.00000000
  5.90	  1.00000000
  6.00	  1.00000000
  6.10	  1.00000000
  6.20	  1.00000000
  6.30	  1.00000000
  6.40	  1.00000000
  6.50	  1.00000000
  6.60	  1.00000000
  6.70	  1.00000000
  6.80	  1.00000000
  6.90	  1.00000000
  7.00	  1.00000000
  7.10	  1.00000000
  7.20	  1.00000000
  7.30	  1.00000000
  7.40	  0.99800000
  7.50	  0.99900000
  7.60	  0.99800000
  7.70	  0.99800000
  7.80	  0.99400000
  7.90	  0.99000000
  8.00	  0.98600000
  8.10	  0.98700000
  8.20	  0.98800000
  8.30	  0.98100000
  8.40	  0.97200000
  8.50	  0.96100000
  8.60	  0.95500000
  8.70	  0.94700000
  8.80	  0.94800000
  8.90	  0.91900000
  9.00	  0.91300000
  9.10	  0.89600000
  9.20	  0.89000000
  9.30	  0.85200000
  9.40	  0.83300000
  9.50	  0.82600000
  9.60	  0.78500000
  9.70	  0.78600000
  9.80	  0.74400000
  9.90	  0.72500000
 10.00	  0.72700000
 10.10	  0.70500000
 10.20	  0.69000000
 10.30	  0.64500000
 10.40	  0.62000000
 10.50	  0.58600000
 10.60	  0.53300000
 10.70	  0.52600000
 10.80	  0.52400000
 10.90	  0.48900000
 11.00	  0.49900000
 11.10	  0.41900000
 11.20	  0.40600000
 11.30	  0.39000000
 11.40	  0.36200000
 11.50	  0.33200000
 11.60	  0.31200000
 11.70	  0.30500000
 11.80	  0.29200000
 11.90	  0.28500000
 12.00	  0.24800000
 12.10	  0.24400000
 12.20	  0.25700000
 12.30	  0.20400000
 12.40	  0.19900000
 12.50	  0.17200000
 12.60	  0.19400000
 12.70	  0.15900000
 12.80	  0.14300000
 12.90	  0.15400000
 13.00	  0.14000000
 13.10	  0.12800000
 13.20	  0.11100000
 13.30	  0.11200000
 13.40	  0.11300000
 13.50	  0.08300000
 13.60	  0.08300000
 13.70	  0.07600000
 13.80	  0.07500000
 13.90	  0.07300000
 14.00	  0.06500000
 14.10	  0.06800000
 14.20	  0.06400000
 14.30	  0.05700000
 14.40	  0.05700000
 14.50	  0.05500000
 14.60	  0.03700000
 14.70	  0.04300000
 14.80	  0.03800000
 14.90	  0.04100000
 15.00	  0.03900000
 15.10	  0.03500000
 15.20	  0.02900000
 15.30	  0.03000000
 15.40	  0.02100000
 15.50	  0.02800000
 15.60	  0.02000000
 15.70	  0.01800000
 15.80	  0.02300000
 15.90	  0.01400000
 16.00	  0.01700000
 16.10	  0.01400000
 16.20	  0.01300000
 16.30	  0.01100000
 16.40	  0.00400000
 16.50	  0.01500000
 16.60	  0.01900000
 16.70	  0.00300000
 16.80	  0.00700000
 16.90	  0.00300000
 17.00	  0.00900000
 17.10	  0.00400000
 17.20	  0.00600000
 17.30	  0.00700000
 17.40	  0.00500000
 17.50	  0.00500000
 17.60	  0.00400000
 17.70	  0.00700000
 17.80	  0.00300000
 17.90	  0.00300000
 18.00	  0.00300000
 18.10	  0.00100000
 18.20	  0.00400000
 18.30	  0.00100000
 18.40	  0.00300000
 18.50	  0.00100000
 18.60	  0.00400000
 18.70	  0.00300000
 18.80	  0.00000000
 18.90	  0.00300000
 19.00	  0.00100000
 19.10	  0.00600000
 19.20	  0.00100000
 19.30	  0.00200000
 19.40	  0.00300000
 19.50	  0.00100000
 19.60	  0.00000000
 19.70	  0.00200000
 19.80	  0.00200000
 19.90	  0.00200000
 20.00	  0.00000000
 20.10	  0.00300000
 20.20	  0.00100000
 20.30	  0.00000000
 20.40	  0.00000000
 20.50	  0.00200000
 20.60	  0.00000000
 20.70	  0.00000000
 20.80	  0.00000000
 20.90	  0.00000000
 21.00	  0.00100000
 21.10	  0.00000000
 21.20	  0.00000000
 21.30	  0.00000000
 21.40	  0.00200000
 21.50	  0.00000000
 21.60	  0.00000000
 21.70	  0.00100000
 21.80	  0.00000000
 21.90	  0.00000000
 22.00	  0.00000000
 22.10	  0.00000000
 22.20	  0.00000000
 22.30	  0.00000000
 22.40	  0.00000000
 22.50	  0.00000000
 22.60	  0.00000000
 22.70	  0.00000000
 22.80	  0.00000000
 22.90	  0.00000000
 23.00	  0.00000000
 23.10	  0.00000000
 23.20	  0.00000000
 23.30	  0.00000000
 23.40	  0.00000000
 23.50	  0.00000000
 23.60	  0.00000000
 23.70	  0.00000000
 23.80	  0.00000000
 23.90	  0.00000000
 24.00	  0.00000000
 24.10	  0.00000000
 24.20	  0.00000000
 24.30	  0.00000000
 24.40	  0.00000000
 24.50	  0.00000000
 24.60	  0.00000000
 24.70	  0.00000000
 24.80	  0.00000000
 24.90	  0.00000000
 25.00	  0.00000000
 25.10	  0.00000000
 25.20	  0.00000000
 25.30	  0.00000000
 25.40	  0.00000000
 25.50	  0.00000000
 25.60	  0.00000000
 25.70	  0.00000000
 25.80	  0.00000000
 25.90	  0.00000000
 26.00	  0.00000000
 26.10	  0.00000000
 26.20	  0.00000000
 26.30	  0.00000000
 26.40	  0.00000000
 26.50	  0.00000000
 26.60	  0.00000000
 26.70	  0.00000000
 26.80	  0.00000000
 26.90	  0.00000000
 27.00	  0.00000000
 27.10	  0.00000000
 27.20	  0.00000000
 27.30	  0.00000000
 27.40	  0.00000000
 27.50	  0.00000000
 27.60	  0.00000000
 27.70	  0.00000000
 27.80	  0.00000000
 27.90	  0.00000000
 28.00	  0.00000000
 28.10	  0.00000000
 28.20	  0.00000000
 28.30	  0.00000000
 28.40	  0.00000000
 28.50	  0.00000000
 28.60	  0.00000000
 28.70	  0.00000000
 28.80	  0.00000000
 28.90	  0.00000000
 29.00	  0.00000000
 29.10	  0.00000000
 29.20	  0.00000000
 29.30	  0.00000000
 29.40	  0.00000000
 29.50	  0.00000000
 29.60	  0.00000000
 29.70	  0.00000000
 29.80	  0.00000000
 29.90	  0.00000000
