#ber rep3_soft_fading
#SNR BER
 -7.00	  0.29111300
 -6.90	  0.28940100
 -6.80	  0.28637400
 -6.70	  0.28432600
 -6.60	  0.28241800
 -6.50	  0.28052300
 -6.40	  0.27837600
 -6.30	  0.27546900
 -6.20	  0.27338100
 -6.10	  0.27109900
 -6.00	  0.26832400
 -5.90	  0.26662400
 -5.80	  0.26544900
 -5.70	  0.26185800
 -5.60	  0.25993500
 -5.50	  0.25675900
 -5.40	  0.25515900
 -5.30	  0.25241400
 -5.20	  0.25047000
 -5.10	  0.24695100
 -5.00	  0.24505200
 -4.90	  0.24168500
 -4.80	  0.23968700
 -4.70	  0.23769800
 -4.60	  0.23580300
 -4.50	  0.23213900
 -4.40	  0.22977500
 -4.30	  0.22678500
 -4.20	  0.22462600
 -4.10	  0.22251200
 -4.00	  0.22027900
 -3.90	  0.21763300
 -3.80	  0.21525700
 -3.70	  0.21171300
 -3.60	  0.20905700
 -3.50	  0.20711300
 -3.40	  0.20450900
 -3.30	  0.20144100
 -3.20	  0.19986800
 -3.10	  0.19615000
 -3.00	  0.19399300
 -2.90	  0.19230900
 -2.80	  0.18891600
 -2.70	  0.18601000
 -2.60	  0.18312700
 -2.50	  0.18063200
 -2.40	  0.17798300
 -2.30	  0.17511800
 -2.20	  0.17246100
 -2.10	  0.17028200
 -2.00	  0.16827200
 -1.90	  0.16450100
 -1.80	  0.16209400
 -1.70	  0.15948600
 -1.60	  0.15696800
 -1.50	  0.15445000
 -1.40	  0.15237100
 -1.30	  0.14798800
 -1.20	  0.14558200
 -1.10	  0.14346700
 -1.00	  0.14082800
 -0.90	  0.13780800
 -0.80	  0.13567600
 -0.70	  0.13302000
 -0.60	  0.13017400
 -0.50	  0.12795000
 -0.40	  0.12578400
 -0.30	  0.12240300
 -0.20	  0.11953300
 -0.10	  0.11748100
 -0.00	  0.11481600
  0.10	  0.11218800
  0.20	  0.11035400
  0.30	  0.10713300
  0.40	  0.10467900
  0.50	  0.10298100
  0.60	  0.10005400
  0.70	  0.09770500
  0.80	  0.09570000
  0.90	  0.09324800
  1.00	  0.09079200
  1.10	  0.08869900
  1.20	  0.08664300
  1.30	  0.08429900
  1.40	  0.08220300
  1.50	  0.07945600
  1.60	  0.07752600
  1.70	  0.07503900
  1.80	  0.07345200
  1.90	  0.07109900
  2.00	  0.06902200
  2.10	  0.06705800
  2.20	  0.06532600
  2.30	  0.06317400
  2.40	  0.06104000
  2.50	  0.05923700
  2.60	  0.05763700
  2.70	  0.05565300
  2.80	  0.05387900
  2.90	  0.05192500
  3.00	  0.05040600
  3.10	  0.04871000
  3.20	  0.04682500
  3.30	  0.04542900
  3.40	  0.04361200
  3.50	  0.04154800
  3.60	  0.04012900
  3.70	  0.03920000
  3.80	  0.03764900
  3.90	  0.03625400
  4.00	  0.03483300
  4.10	  0.03378500
  4.20	  0.03206700
  4.30	  0.03083100
  4.40	  0.02945700
  4.50	  0.02857000
  4.60	  0.02709400
  4.70	  0.02602300
  4.80	  0.02523500
  4.90	  0.02388900
  5.00	  0.02272400
  5.10	  0.02199600
  5.20	  0.02076700
  5.30	  0.01991100
  5.40	  0.01906000
  5.50	  0.01842400
  5.60	  0.01744800
  5.70	  0.01656500
  5.80	  0.01569300
  5.90	  0.01499300
  6.00	  0.01424000
  6.10	  0.01327100
  6.20	  0.01297700
  6.30	  0.01212600
  6.40	  0.01149800
  6.50	  0.01083300
  6.60	  0.01068900
  6.70	  0.00994700
  6.80	  0.00942700
  6.90	  0.00891700
  7.00	  0.00836900
  7.10	  0.00793800
  7.20	  0.00746700
  7.30	  0.00698000
  7.40	  0.00650200
  7.50	  0.00628100
  7.60	  0.00593200
  7.70	  0.00557600
  7.80	  0.00525300
  7.90	  0.00484100
  8.00	  0.00459500
  8.10	  0.00433600
  8.20	  0.00410200
  8.30	  0.00380700
  8.40	  0.00361700
  8.50	  0.00336400
  8.60	  0.00318500
  8.70	  0.00308100
  8.80	  0.00292600
  8.90	  0.00262000
  9.00	  0.00242300
  9.10	  0.00228500
  9.20	  0.00218200
  9.30	  0.00192700
  9.40	  0.00183700
  9.50	  0.00174000
  9.60	  0.00160500
  9.70	  0.00158000
  9.80	  0.00142900
  9.90	  0.00131700
 10.00	  0.00128800
 10.10	  0.00120100
 10.20	  0.00112700
 10.30	  0.00104400
 10.40	  0.00091900
 10.50	  0.00087600
 10.60	  0.00076400
 10.70	  0.00077800
 10.80	  0.00071600
 10.90	  0.00067900
 11.00	  0.00067400
 11.10	  0.00055000
 11.20	  0.00053500
 11.30	  0.00048500
 11.40	  0.00047000
 11.50	  0.00038700
 11.60	  0.00037300
 11.70	  0.00037400
 11.80	  0.00034700
 11.90	  0.00033900
 12.00	  0.00029600
 12.10	  0.00028500
 12.20	  0.00028900
 12.30	  0.00023300
 12.40	  0.00022700
 12.50	  0.00019600
 12.60	  0.00021400
 12.70	  0.00017200
 12.80	  0.00015800
 12.90	  0.00016800
 13.00	  0.00014700
 13.10	  0.00013700
 13.20	  0.00011700
 13.30	  0.00011800
 13.40	  0.00011900
 13.50	  0.00008800
 13.60	  0.00008800
 13.70	  0.00008500
 13.80	  0.00007900
 13.90	  0.00007500
 14.00	  0.00006800
 14.10	  0.00006900
 14.20	  0.00006600
 14.30	  0.00005800
 14.40	  0.00005900
 14.50	  0.00005500
 14.60	  0.00003800
 14.70	  0.00004300
 14.80	  0.00003800
 14.90	  0.00004200
 15.00	  0.00003900
 15.10	  0.00003500
 15.20	  0.00003000
 15.30	  0.00003000
 15.40	  0.00002100
 15.50	  0.00002900
 15.60	  0.00002000
 15.70	  0.00001900
 15.80	  0.00002400
 15.90	  0.00001400
 16.00	  0.00001700
 16.10	  0.00001500
 16.20	  0.00001300
 16.30	  0.00001100
 16.40	  0.00000400
 16.50	  0.00001500
 16.60	  0.00001900
 16.70	  0.00000300
 16.80	  0.00000700
 16.90	  0.00000300
 17.00	  0.00000900
 17.10	  0.00000400
 17.20	  0.00000600
 17.30	  0.00000700
 17.40	  0.00000500
 17.50	  0.00000500
 17.60	  0.00000400
 17.70	  0.00000700
 17.80	  0.00000300
 17.90	  0.00000300
 18.00	  0.00000300
 18.10	  0.00000100
 18.20	  0.00000400
 18.30	  0.00000100
 18.40	  0.00000300
 18.50	  0.00000100
 18.60	  0.00000400
 18.70	  0.00000300
 18.80	  0.00000000
 18.90	  0.00000300
 19.00	  0.00000100
 19.10	  0.00000600
 19.20	  0.00000100
 19.30	  0.00000200
 19.40	  0.00000300
 19.50	  0.00000100
 19.60	  0.00000000
 19.70	  0.00000200
 19.80	  0.00000200
 19.90	  0.00000200
 20.00	  0.00000000
 20.10	  0.00000300
 20.20	  0.00000100
 20.30	  0.00000000
 20.40	  0.00000000
 20.50	  0.00000200
 20.60	  0.00000000
 20.70	  0.00000000
 20.80	  0.00000000
 20.90	  0.00000000
 21.00	  0.00000100
 21.10	  0.00000000
 21.20	  0.00000000
 21.30	  0.00000000
 21.40	  0.00000200
 21.50	  0.00000000
 21.60	  0.00000000
 21.70	  0.00000100
 21.80	  0.00000000
 21.90	  0.00000000
 22.00	  0.00000000
 22.10	  0.00000000
 22.20	  0.00000000
 22.30	  0.00000000
 22.40	  0.00000000
 22.50	  0.00000000
 22.60	  0.00000000
 22.70	  0.00000000
 22.80	  0.00000000
 22.90	  0.00000000
 23.00	  0.00000000
 23.10	  0.00000000
 23.20	  0.00000000
 23.30	  0.00000000
 23.40	  0.00000000
 23.50	  0.00000000
 23.60	  0.00000000
 23.70	  0.00000000
 23.80	  0.00000000
 23.90	  0.00000000
 24.00	  0.00000000
 24.10	  0.00000000
 24.20	  0.00000000
 24.30	  0.00000000
 24.40	  0.00000000
 24.50	  0.00000000
 24.60	  0.00000000
 24.70	  0.00000000
 24.80	  0.00000000
 24.90	  0.00000000
 25.00	  0.00000000
 25.10	  0.00000000
 25.20	  0.00000000
 25.30	  0.00000000
 25.40	  0.00000000
 25.50	  0.00000000
 25.60	  0.00000000
 25.70	  0.00000000
 25.80	  0.00000000
 25.90	  0.00000000
 26.00	  0.00000000
 26.10	  0.00000000
 26.20	  0.00000000
 26.30	  0.00000000
 26.40	  0.00000000
 26.50	  0.00000000
 26.60	  0.00000000
 26.70	  0.00000000
 26.80	  0.00000000
 26.90	  0.00000000
 27.00	  0.00000000
 27.10	  0.00000000
 27.20	  0.00000000
 27.30	  0.00000000
 27.40	  0.00000000
 27.50	  0.00000000
 27.60	  0.00000000
 27.70	  0.00000000
 27.80	  0.00000000
 27.90	  0.00000000
 28.00	  0.00000000
 28.10	  0.00000000
 28.20	  0.00000000
 28.30	  0.00000000
 28.40	  0.00000000
 28.50	  0.00000000
 28.60	  0.00000000
 28.70	  0.00000000
 28.80	  0.00000000
 28.90	  0.00000000
 29.00	  0.00000000
 29.10	  0.00000000
 29.20	  0.00000000
 29.30	  0.00000000
 29.40	  0.00000000
 29.50	  0.00000000
 29.60	  0.00000000
 29.70	  0.00000000
 29.80	  0.00000000
 29.90	  0.00000000
